San fransisco (피크/일반)
겨울-11.1 / 8.3
여름-31 / 7.9 (센트/KWh)  피크:12:00~18:00

여름 5 6 7 8 9 10
겨울 1 2 3 4 11 12

여름

7.9 7.9 7.9 7.9
7.9 7.9 7.9 7.9
7.9 7.9 7.9 7.9
31  31  31  31
31  31  7.9 7.9
7.9 7.9 7.9 7.9

7.9 7.9 7.9 7.9
7.9 7.9 7.9 7.9
7.9 7.9 7.9 7.9
31  31  31  31
31  31  7.9 7.9
7.9 7.9 7.9 7.9

7.9 7.9 7.9 7.9
7.9 7.9 7.9 7.9
7.9 7.9 7.9 7.9
31  31  31  31
31  31  7.9 7.9
7.9 7.9 7.9 7.9

7.9 7.9 7.9 7.9
7.9 7.9 7.9 7.9
7.9 7.9 7.9 7.9
31  31  31  31
31  31  7.9 7.9
7.9 7.9 7.9 7.9

7.9 7.9 7.9 7.9
7.9 7.9 7.9 7.9
7.9 7.9 7.9 7.9
31  31  31  31
31  31  7.9 7.9
7.9 7.9 7.9 7.9

7.9 7.9 7.9 7.9
7.9 7.9 7.9 7.9
7.9 7.9 7.9 7.9
31  31  31  31
31  31  7.9 7.9
7.9 7.9 7.9 7.9

7.9 7.9 7.9 7.9
7.9 7.9 7.9 7.9
7.9 7.9 7.9 7.9
31  31  31  31
31  31  7.9 7.9
7.9 7.9 7.9 7.9

겨울

8.3 8.3 8.3 8.3
8.3 8.3 8.3 8.3
8.3 8.3 8.3 8.3
11.1 11.1 11.1 11.1
11.1 11.1 8.3 8.3
8.3 8.3 8.3 8.3

8.3 8.3 8.3 8.3
8.3 8.3 8.3 8.3
8.3 8.3 8.3 8.3
11.1 11.1 11.1 11.1
11.1 11.1 8.3 8.3
8.3 8.3 8.3 8.3

8.3 8.3 8.3 8.3
8.3 8.3 8.3 8.3
8.3 8.3 8.3 8.3
11.1 11.1 11.1 11.1
11.1 11.1 8.3 8.3
8.3 8.3 8.3 8.3

8.3 8.3 8.3 8.3
8.3 8.3 8.3 8.3
8.3 8.3 8.3 8.3
11.1 11.1 11.1 11.1
11.1 11.1 8.3 8.3
8.3 8.3 8.3 8.3

8.3 8.3 8.3 8.3
8.3 8.3 8.3 8.3
8.3 8.3 8.3 8.3
11.1 11.1 11.1 11.1
11.1 11.1 8.3 8.3
8.3 8.3 8.3 8.3

8.3 8.3 8.3 8.3
8.3 8.3 8.3 8.3
8.3 8.3 8.3 8.3
11.1 11.1 11.1 11.1
11.1 11.1 8.3 8.3
8.3 8.3 8.3 8.3

8.3 8.3 8.3 8.3
8.3 8.3 8.3 8.3
8.3 8.3 8.3 8.3
11.1 11.1 11.1 11.1
11.1 11.1 8.3 8.3
8.3 8.3 8.3 8.3


