2.13405
2.30824
2.13644
2.35418
2.13495
2.13878
2.19998
2.34374
2.26447
2.23378
2.06283
2.20929
2.06135
2.12188
2.18457
2.20283
2.19409
2.11384
2.28821
2.19582
2.33206
2.25416
2.26528
2.18813
2.10171
2.39572
2.06651
2.27235
2.04529
2.16433
2.20438
2.11321
2.12317
2.18813
2.07222
2.17142
2.21736
2.23619
2.28097
2.24675
2.31063
2.26116
2.22395
2.29998
2.14555
2.16756
2.21069
2.19745
2.07226
2.05216
2.05452
2.25875
2.16776
2.37435
2.66568
2.68191
2.47922
2.47193
2.41918
2.30253
2.23183
2.25981
2.31176
2.55197
2.08723
2.59166
3.55151
4.57626
4.57522
4.3592
4.60174
4.46411
0
0
0
0
0
0
0
0
0
0
0
0
4.24175
3.7146
4.17624
3.15979
2.22623
2.79186
3.32938
0
0
9.92393
6.46182
6.37403
6.86147
6.62295
5.749
5.27086
4.75981
4.50086
4.09107
3.65579
3.21987
2.76754
2.78333
2.36682
2.19427
2.18602
2.20788
2.18422
2.17581
2.34586
2.22313
2.14807
2.09659
1.99464
2.13236
2.31551
2.15524
2.19743
2.2611
2.13401
2.18418
2.041
2.35149
2.1988
1.97188
2.19919
1.87877
2.19673
2.19628
2.22715
2.25212
2.21417
2.13868
2.14009
2.07586
2.08889
2.10494
2.08204
2.08562
1.98042
