2.1429
2.33674
2.13815
2.35473
2.15185
2.16282
2.19998
2.32149
2.26138
2.25605
2.1014
2.19117
2.06135
2.12188
2.18457
2.20283
2.19409
2.11384
2.28821
2.19582
2.33206
2.25416
2.26528
2.18813
2.10171
2.39572
2.06651
2.27235
2.04529
2.16433
2.20438
2.11321
2.12317
2.18813
2.07222
2.17142
2.21736
2.23619
2.28097
2.23704
2.31161
2.24573
2.15468
2.23275
2.1594
2.12557
2.33869
2.13356
2.24214
2.38137
2.43701
2.35759
2.3204
2.37656
2.46346
2.23725
2.43047
2.33804
2.35584
2.14853
2.31307
2.38397
2.32449
2.48999
2.46855
3.09978
3.19222
3.20293
4.36805
4.65353
4.68357
4.81129
4.77312
5.44878
4.61102
3.47673
3.59482
2.3199
0
0
0
0
0
0
4.24175
3.7146
4.17624
3.15979
2.22623
2.79186
6.61154
8.48757
7.59453
6.49072
6.30349
6.13716
5.92998
5.37974
4.59395
3.94866
4.29101
4.30086
3.61745
3.85185
3.55601
2.89577
2.88136
2.39561
2.14924
2.06947
2.33961
2.24206
2.10519
2.2898
2.06446
2.21066
2.07287
2.16682
2.2524
2.09773
2.26963
2.28836
2.0648
2.13204
2.286
2.0754
2.19204
2.23752
2.02038
2.10419
1.94614
2.20008
2.13322
2.16628
2.30493
2.18362
2.15851
2.16115
2.09082
2.21934
2.09362
2.20687
2.20725
2.27175
