279.864
283.159
298.666
313.969
316.034
301.199
284.092
314.524
283.661
287.916
312.257
283.183
320.734
298.562
319.322
310.246
331.069
310.098
290.036
303.769
283.654
288.619
305.345
327.285
303.3
295.623
313.696
282.709
293.144
317.009
309.271
306.602
302.593
314.669
328.575
297.799
314.239
306.979
302.654
289.536
309.527
304.077
297.927
303.527
314.934
304.177
303.091
305.543
304.152
317.367
314.801
302.15
288.012
289.094
290.839
307.776
281.531
286.143
336.377
363.96
285.144
281.443
315.269
315.496
321.041
306.568
321.936
276.811
297.62
286.385
280.631
294.434
290.269
313.924
302.75
309.196
330.875
305.146
343.626
278.372
306.401
320.631
334.87
311.507
296.497
311.991
275.576
287.652
300.928
327.255
274.316
291.718
304.382
295.058
306.064
320.977
327.459
341.92
295.056
289.392
