302.164
330.477
318.717
340.514
348.369
330.298
302.06
342.399
314.697
313.154
349.76
298.939
340.392
326.987
345.275
346.774
350.867
340.147
315.131
332.859
304.23
315.725
318.505
352.96
330.068
324.37
341.797
313.959
312.999
336.706
354.827
337.681
322.321
337.077
349.633
331.177
335.177
324.572
325.227
312.294
330.641
329.179
315.294
333.19
342.184
346.965
324.014
317.828
332.901
340.955
332.55
336.916
304.948
304.339
317.253
334.914
300.509
310.945
362.972
395.357
304.239
293.614
346.647
346.359
357.681
332.401
349.083
304.925
331.153
301.573
299.209
330.93
315.071
341.496
331.377
328.872
339.18
342.367
386.2
301.833
330.41
350.063
348.101
340.479
306.737
337.201
318.708
317.748
332.568
346.159
295.009
323.743
321.68
311.984
338.962
342.006
366.734
369.659
334.822
318.415
