357
370.471
365.255
387.18
431.206
376.851
341.521
381.168
359.095
360.242
393.174
334.668
417.099
367.716
394.822
413.913
422.571
358.781
356.933
378.321
358.02
361.703
370.207
392.359
368.782
367.044
380.145
363.787
373.174
377.51
391.474
403.303
366.568
418.204
371.751
357.949
384.147
367.839
373.45
389.701
372.035
382.873
370.351
380.391
389.338
405.364
369.424
361.282
373.314
404.362
403.689
379.838
342.635
347.375
360.441
373.671
359.968
383.691
420.784
438.075
339.901
347.299
391.865
376.005
381.58
372.71
404.869
340.08
371.952
347.705
338.508
382.327
357.931
404.54
369.612
371.83
393.573
386.373
439.826
323.46
395.107
380.988
394.568
372.486
371.491
400.608
363.953
356.248
383.628
385.785
342.151
377.776
355.048
351.356
393.027
405.357
421.161
410.009
386.497
346.845
