2.17641
2.08769
2.15709
2.16067
2.07445
2.09079
2.19495
2.17535
2.1855
2.20415
2.18739
2.31595
2.29707
2.19334
2.26464
2.12463
2.25026
2.08949
2.10613
2.29625
2.10414
2.19093
2.11802
2.23267
2.12733
2.15114
2.19231
2.15297
2.17968
2.25712
2.15228
2.19492
2.13631
2.17105
2.12946
2.17155
2.2501
2.17737
2.16328
2.1136
2.07431
2.15676
2.17214
2.14911
2.18051
2.17582
2.16474
2.15053
2.16814
2.18744
2.19456
2.14281
2.16667
2.2495
2.67212
2.6098
2.49463
2.49032
2.43161
2.40646
2.36793
2.31375
2.31516
2.37789
2.31171
2.60644
3.74051
4.22051
4.65732
4.87152
4.65532
4.40396
0
0
0
0
0
0
0
0
0
0
0
0
4.11764
4.02204
3.73601
3.5952
3.26713
2.98754
1.81966
0
0
7.10764
7.56921
6.65014
6.57117
5.9136
5.44221
5.10286
4.6947
4.3184
3.84687
3.5864
3.31947
2.98222
2.63944
2.27739
2.18342
2.20196
2.18863
2.22667
2.21562
2.24648
2.12642
2.16746
2.17312
2.20546
2.23734
2.23258
2.15182
2.18485
2.15113
2.21445
2.15345
2.13679
2.1808
2.12211
2.16137
2.16877
2.13411
2.15854
2.1556
2.17356
2.20005
2.17458
2.14959
2.16649
2.17067
2.13297
2.11874
2.06851
2.0167
1.968
