2.20912
2.1107
2.15828
2.15098
2.08251
2.08661
2.21718
2.17178
2.17544
2.21919
2.20748
2.3073
2.30219
2.19334
2.26464
2.12463
2.25026
2.08949
2.10613
2.29625
2.10414
2.19093
2.11802
2.23267
2.12733
2.15114
2.19231
2.15297
2.17968
2.25712
2.15228
2.19492
2.13631
2.17105
2.12946
2.17155
2.2501
2.17737
2.16328
2.1136
2.07431
2.15676
2.17293
2.14559
2.17775
2.16443
2.17303
2.16273
2.26769
2.45636
2.4179
2.35183
2.32006
2.30777
2.42041
2.43293
2.40716
2.43448
2.41546
2.42351
2.37447
2.30536
2.38653
2.48204
2.43966
2.815
3.19971
3.70414
4.00362
4.30933
4.6216
5.05353
5.79971
5.53166
5.14301
4.60186
4.72144
4.14346
0
0
0
0
0
0
4.11764
4.02204
3.73601
3.5952
3.26713
2.98754
7.42956
7.16155
6.59904
6.34129
6.475
5.96587
5.35603
4.99491
4.93561
4.64888
4.53083
3.5524
3.67647
4.02077
3.31093
2.99134
2.67317
2.35822
2.22203
2.21034
2.19201
2.23327
2.16725
2.2047
2.15334
2.18008
2.20306
2.18836
2.23002
2.21829
2.13201
2.20221
2.19967
2.217
2.1589
2.16523
2.17796
2.13057
2.17029
2.18154
2.15664
2.15017
2.14071
2.16304
2.1968
2.18601
2.15807
2.18167
2.16247
2.17339
2.17916
2.14158
2.1033
2.17019
