0 0 0 0 0 0 0 0 0 0 0 0 0 0 0 0 0 0 0 0 0 0 0 0 0 0 0 0 0 0 0 0 0 0 0 0 0 0 0 0 0 0 0 0 0 0 0 0 0 0 0 0 0 0 0 0 0 0 0 0 0 0 0 0 0 0 0 0 0 0 0 0 0 0 0 0 0 0 0 0 0 0 
0 0 0 0 0 0 0 0 0 0 0 0 0 0 0 0 0 0 0 0 0 0 0 0 0 0 0 0 0 0 0 0 0 0 0 0 0 0 0 0 0 0 0 0 0 0 0 0 0 0 0 0 0 0 0 0 0 0 0 0 0 0 0 0 0 0 0 0 0 0 0 0 0 0 0 0 0 0 0 0 0 0 0 0 0 0 
0 0 0 0 0 0 0 0 0 0 0 0 0 0 0 0 0 0 0 0 0 0 0 0 0 0 0 0 0 0 0 0 0 0 0 0 0 0 0 0 0 0 0 0 0 0 0 0 0 0 0 0 0 0 0 0 0 0 0 0 0 0 0 0 0 0 0 0 0 0 0 0 0 0 0 0 0 0 0 0 0 0 0 0 0 0 0 0 0 0 0 0 
0 0 0 0 0 0 0 0 0 0 0 0 0 0 0 0 0 0 0 0 0 0 0 0 0 0 0 0 0 0 0 0 0 0 0 0 0 0 0 0 0 0 0 0 0 0 0 0 0 0 0 0 0 0 0 0 0 0 0 0 0 0 0 0 0 0 0 0 0 0 0 0 0 0 0 0 0 0 
0 0 0 0 0 0 0 0 0 0 0 0 0 0 0 0 0 0 0 0 0 0 0 0 0 0 0 0 0 0 0 0 0 0 0 0 0 0 0 0 0 0 0 0 0 0 0 0 0 0 0 0 0 0 0 0 0 0 0 0 0 0 0 0 0 0 0 0 0 0 0 0 0 0 0 0 0 0 0 0 0 0 0 0 0 0 0 0 0 0 0 0 0 0 0 0 0 0 0 0 
0 0 0 0 0 0 0 0 0 0 0 0 0 0 0 0 0 0 0 0 0 0 0 0 0 0 0 0 0 0 0 0 0 0 0 0 0 0 0 0 0 0 0 0 0 0 0 0 0 0 0 0 0 0 0 0 0 0 0 0 0 0 0 0 0 0 0 0 0 0 0 0 0 0 0 0 0 0 0 0 0 0 0 0 0 0 0 0 0 0 0 0 0 0 
0 0 0 0 0 0 0 0 0 0 0 0 0 0 0 0 0 0 0 0 0 0 0 0 0 0 0 0 0 0 0 0 0 0 0 0 0 0 0 0 0 0 0 0 0 0 0 0 0 0 0 0 0 0 0 0 0 0 0 0 0 0 0 0 0 0 0 0 0 0 0 0 0 0 0 0 0 0 0 0 0 0 0 0 0 
0 0 0 0 0 0 0 0 0 0 0 0 0 0 0 0 0 0 0 0 0 0 0 0 0 0 0 0 0 0 0 0 0 0 0 0 0 0 0 0 0 0 0 0 0 0 0 0 0 0 0 0 0 0 0 0 0 0 0 0 
0 0 0 0 0 0 0 0 0 0 0 0 0 0 0 0 0 0 0 0 0 0 0 0 0 0 0 0 0 0 0 0 0 0 0 0 0 0 0 0 0 0 0 0 0 0 0 0 0 0 0 0 0 0 0 0 0 0 0 0 0 0 0 0 0 0 0 0 0 0 0 0 0 0 0 0 0 0 0 0 0 0 0 0 0 0 0 
0 0 0 0 0 0 0 0 0 0 0 0 0 0 0 0 0 0 0 0 0 0 0 0 0 0 0 0 0 0 0 0 0 0 0 0 0 0 0 0 0 0 0 0 0 0 0 0 0 0 0 0 0 0 0 0 0 0 0 0 0 0 0 0 0 0 0 0 0 0 0 0 0 0 0 0 0 0 
0 0 0 0 0 0 0 0 0 0 0 0 0 0 0 0 0 0 0 0 0 0 0 0 0 0 0 0 0 0 0 0 0 0 0 0 0 0 0 0 0 0 0 0 0 0 0 0 0 0 0 0 0 0 0 0 0 0 0 0 0 0 0 0 0 0 0 0 0 0 0 0 0 0 0 0 0 0 0 0 0 0 0 0 0 
0 0 0 0 0 0 0 0 0 0 0 0 0 0 0 0 0 0 0 0 0 0 0 0 0 0 0 0 0 0 0 0 0 0 0 0 0 0 0 0 0 0 0 0 0 0 0 0 0 0 0 0 0 0 0 0 0 0 0 0 0 0 0 0 0 0 0 0 0 0 0 0 0 0 0 0 0 0 0 0 0 0 0 0 0 0 
0 0 0 0 0 0 0 0 0 0 0 0 0 0 0 0 0 0 0 0 0 0 0 0 0 0 0 0 0 0 0 0 0 0 0 0 0 0 0 0 0 0 0 0 0 0 0 0 0 0 0 0 0 0 0 0 0 0 0 0 0 0 0 0 0 0 0 0 0 0 0 0 0 0 0 0 0 0 0 0 0 0 0 0 0 0 0 
0 0 0 0 0 0 0 0 0 0 0 0 0 0 0 0 0 0 0 0 0 0 0 0 0 0 0 0 0 0 0 0 0 0 0 0 0 0 0 0 0 0 0 0 0 0 0 0 0 0 0 0 0 0 0 0 0 0 0 0 0 0 0 0 0 0 0 0 0 0 0 0 0 0 0 0 0 0 0 0 0 0 0 0 0 0 0 0 
0 0 0 0 0 0 0 0 0 0 0 0 0 0 0 0 0 0 0 0 0 0 0 0 0 0 0 0 0 0 0 0 0 0 0 0 0 0 0 0 0 0 0 0 0 0 0 0 0 0 0 0 0 0 0 0 0 0 0 0 
0 0 0 0 0 0 0 0 0 0 0 0 0 0 0 0 0 0 0 0 0 0 0 0 0 0 0 0 0 0 0 0 0 0 0 0 0 0 0 0 0 0 0 0 0 0 0 0 0 0 0 0 0 0 0 0 0 0 0 0 0 0 0 0 0 0 0 0 0 0 0 0 0 0 0 0 0 0 0 0 0 0 0 0 0 
0 0 0 0 0 0 0 0 0 0 0 0 0 0 0 0 0 0 0 0 0 0 0 0 0 0 0 0 0 0 0 0 0 0 0 0 0 0 0 0 0 0 0 0 0 0 0 0 0 0 0 0 0 0 0 0 0 0 0 0 0 0 0 0 0 0 0 0 0 0 0 0 0 0 0 0 0 0 0 0 0 0 0 0 0 0 0 0 0 0 0 0 0 0 0 0 0 0 0 0 
0 0 0 0 0 0 0 0 0 0 0 0 0 0 0 0 0 0 0 0 0 0 0 0 0 0 0 0 0 0 0 0 0 0 0 0 0 0 0 0 0 0 0 0 0 0 0 0 0 0 0 0 0 0 0 0 0 0 0 0 0 0 0 0 0 0 0 0 0 0 0 0 0 0 0 0 0 0 0 0 0 0 0 0 0 
0 0 0 0 0 0 0 0 0 0 0 0 0 0 0 0 0 0 0 0 0 0 0 0 0 0 0 0 0 0 0 0 0 0 0 0 0 0 0 0 0 0 0 0 0 0 0 0 0 0 0 0 0 0 0 0 0 0 0 0 0 0 0 0 0 0 0 0 0 0 0 0 0 0 0 0 0 0 0 0 0 0 0 0 0 0 0 0 
0 0 0 0 0 0 0 0 0 0 0 0 0 0 0 0 0 0 0 0 0 0 0 0 0 0 0 0 0 0 0 0 0 0 0 0 0 0 0 0 0 0 0 0 0 0 0 0 0 0 0 0 0 0 0 0 0 0 0 0 0 0 0 0 0 0 0 0 0 0 0 0 0 0 0 0 
0 0 0 0 0 0 0 0 0 0 0 0 0 0 0 0 0 0 0 0 0 0 0 0 0 0 0 0 0 0 0 0 0 0 0 0 0 0 0 0 0 0 0 0 0 0 0 0 0 0 0 0 0 0 0 0 0 0 0 0 0 0 0 0 0 0 0 0 0 0 0 0 0 0 0 0 0 0 0 0 0 0 
0 0 0 0 0 0 0 0 0 0 0 0 0 0 0 0 0 0 0 0 0 0 0 0 0 0 0 0 0 0 0 0 0 0 0 0 0 0 0 0 0 0 0 0 0 0 0 0 0 0 0 0 0 0 0 0 0 0 0 0 0 0 0 0 0 0 0 
0 0 0 0 0 0 0 0 0 0 0 0 0 0 0 0 0 0 0 0 0 0 0 0 0 0 0 0 0 0 0 0 0 0 0 0 0 0 0 0 0 0 0 0 0 0 0 0 0 0 0 0 0 0 0 0 0 0 0 0 0 0 0 0 0 0 0 0 0 0 0 0 0 0 0 0 0 0 0 0 0 0 0 0 0 0 0 
0 0 0 0 0 0 0 0 0 0 0 0 0 0 0 0 0 0 0 0 0 0 0 0 0 0 0 0 0 0 0 0 0 0 0 0 0 0 0 0 0 0 0 0 0 0 0 0 0 0 0 0 0 0 0 0 0 0 0 0 0 0 0 0 0 0 0 0 0 0 0 0 0 0 0 0 0 0 0 0 0 0 
0 0 0 0 0 0 0 0 0 0 0 0 0 0 0 0 0 0 0 0 0 0 0 0 0 0 0 0 0 0 0 0 0 0 0 0 0 0 0 0 0 0 0 0 0 0 0 0 0 0 0 0 0 0 0 0 0 0 0 0 0 0 0 0 0 0 0 0 0 0 0 0 0 0 0 0 0 0 0 
0 0 0 0 0 0 0 0 0 0 0 0 0 0 0 0 0 0 0 0 0 0 0 0 0 0 0 0 0 0 0 0 0 0 0 0 0 0 0 0 0 0 0 0 0 0 0 0 0 0 0 0 0 0 0 0 0 0 0 0 0 0 0 0 0 0 0 0 0 0 0 0 0 0 0 0 0 0 0 0 0 0 0 0 0 0 0 0 
0 0 0 0 0 0 0 0 0 0 0 0 0 0 0 0 0 0 0 0 0 0 0 0 0 0 0 0 0 0 0 0 0 0 0 0 0 0 0 0 0 0 0 0 0 0 0 0 0 0 0 0 0 0 0 0 0 0 0 0 0 0 0 0 0 0 0 0 0 0 0 0 0 0 0 0 0 0 0 0 0 0 0 0 0 0 0 0 0 0 0 0 0 0 0 0 0 0 0 0 0 0 
0 0 0 0 0 0 0 0 0 0 0 0 0 0 0 0 0 0 0 0 0 0 0 0 0 0 0 0 0 0 0 0 0 0 0 0 0 0 0 0 0 0 0 0 0 0 0 0 0 0 0 0 0 0 0 0 0 0 0 0 0 0 0 0 0 0 0 0 0 0 0 0 0 0 0 0 0 0 0 0 0 0 0 0 0 0 
0 0 0 0 0 0 0 0 0 0 0 0 0 0 0 0 0 0 0 0 0 0 0 0 0 0 0 0 0 0 0 0 0 0 0 0 0 0 0 0 0 0 0 0 0 0 0 0 0 0 0 0 0 0 0 0 0 0 0 0 0 0 0 0 0 0 0 0 0 0 0 0 0 0 0 0 0 0 0 0 0 0 0 
0 0 0 0 0 0 0 0 0 0 0 0 0 0 0 0 0 0 0 0 0 0 0 0 0 0 0 0 0 0 0 0 0 0 0 0 0 0 0 0 0 0 0 0 0 0 0 0 0 0 0 0 0 0 0 0 0 0 0 0 0 0 0 0 0 0 0 0 0 0 0 0 0 0 0 0 0 0 0 0 0 0 0 0 0 
0 0 0 0 0 0 0 0 0 0 0 0 0 0 0 0 0 0 0 0 0 0 0 0 0 0 0 0 0 0 0 0 0 0 0 0 0 0 0 0 0 0 0 0 0 0 0 0 0 0 0 0 0 0 0 0 0 0 0 0 0 0 0 0 0 0 0 0 0 0 0 0 0 0 0 
0 0 0 0 0 0 0 0 0 0 0 0 0 0 0 0 0 0 0 0 0 0 0 0 0 0 0 0 0 0 0 0 0 0 0 0 0 0 0 0 0 0 0 0 0 0 0 0 0 0 0 0 0 0 0 0 0 0 0 0 0 0 0 0 0 0 0 0 0 0 0 0 0 0 0 0 0 0 0 0 0 0 0 0 0 0 0 0 
0 0 0 0 0 0 0 0 0 0 0 0 0 0 0 0 0 0 0 0 0 0 0 0 0 0 0 0 0 0 0 0 0 0 0 0 0 0 0 0 0 0 0 0 0 0 0 0 0 0 0 0 0 0 0 0 0 0 0 0 0 0 0 0 0 0 0 0 0 0 0 0 0 0 0 0 0 0 
0 0 0 0 0 0 0 0 0 0 0 0 0 0 0 0 0 0 0 0 0 0 0 0 0 0 0 0 0 0 0 0 0 0 0 0 0 0 0 0 0 0 0 0 0 0 0 0 0 0 0 0 0 0 0 0 0 0 0 0 0 0 0 0 0 0 0 0 0 0 0 0 0 0 0 
0 0 0 0 0 0 0 0 0 0 0 0 0 0 0 0 0 0 0 0 0 0 0 0 0 0 0 0 0 0 0 0 0 0 0 0 0 0 0 0 0 0 0 0 0 0 0 0 0 0 0 0 0 0 0 0 0 0 0 0 0 0 0 0 0 0 0 0 0 0 0 0 0 0 0 0 0 0 0 
0 0 0 0 0 0 0 0 0 0 0 0 0 0 0 0 0 0 0 0 0 0 0 0 0 0 0 0 0 0 0 0 0 0 0 0 0 0 0 0 0 0 0 0 0 0 0 0 0 0 0 0 0 0 0 0 0 0 0 0 0 0 0 0 0 0 0 0 0 0 0 0 0 0 0 0 0 0 0 0 0 0 0 0 0 0 0 0 
0 0 0 0 0 0 0 0 0 0 0 0 0 0 0 0 0 0 0 0 0 0 0 0 0 0 0 0 0 0 0 0 0 0 0 0 0 0 0 0 0 0 0 0 0 0 0 0 0 0 0 0 0 0 0 0 0 0 0 0 0 0 0 0 0 0 0 0 0 0 0 0 0 0 0 0 0 0 0 0 0 0 0 0 0 0 0 0 0 0 0 0 0 
0 0 0 0 0 0 0 0 0 0 0 0 0 0 0 0 0 0 0 0 0 0 0 0 0 0 0 0 0 0 0 0 0 0 0 0 0 0 0 0 0 0 0 0 0 0 0 0 0 0 0 0 0 0 0 0 0 0 0 0 0 0 0 0 0 0 0 
0 0 0 0 0 0 0 0 0 0 0 0 0 0 0 0 0 0 0 0 0 0 0 0 0 0 0 0 0 0 0 0 0 0 0 0 0 0 0 0 0 0 0 0 0 0 0 0 0 0 0 0 0 0 0 0 0 0 0 0 0 0 0 0 0 0 0 0 0 0 0 0 0 0 0 0 0 0 0 0 0 0 0 0 
0 0 0 0 0 0 50 0 0 0 0 0 0 0 0 0 0 0 0 0 0 0 0 0 0 0 0 0 0 51 0 0 0 0 0 0 0 0 46 0 0 0 0 0 0 0 0 0 0 0 52 0 0 0 0 0 0 0 0 53 0 0 60 0 0 0 0 0 0 0 0 0 0 54 0 0 0 0 0 0 0 0 0 0 0 0 
0 0 0 0 0 0 0 0 0 0 0 0 0 0 0 0 0 0 0 0 0 0 0 0 0 0 0 0 0 0 0 0 0 0 0 0 0 0 0 0 0 0 0 39 38 0 36 0 0 0 0 0 46 0 0 0 0 0 0 0 0 0 0 0 0 0 0 0 0 0 0 0 0 0 0 0 0 0 0 0 0 0 0 0 48 0 0 0 
0 0 0 0 0 0 0 0 0 0 0 0 0 0 0 0 0 0 0 0 0 0 0 0 0 0 0 0 0 51 0 0 0 0 0 0 0 0 0 0 0 0 0 0 25 0 0 0 0 0 55 0 0 0 50 0 0 56 0 0 0 40 0 0 0 0 0 0 0 0 0 0 0 0 0 0 0 0 0 0 0 0 0 0 0 0 0 0 
0 0 0 46 0 20 0 25 0 0 20 0 0 0 0 0 0 0 0 22 0 0 23 41 28 0 0 0 0 18 0 0 0 0 0 0 0 40 0 0 0 0 20 0 55 0 0 0 0 0 58 18 0 0 0 32 0 0 0 0 0 39 0 0 0 0 40 0 0 0 0 24 0 0 0 0 0 0 0 31 0 0 24 0 0 36 0 0 0 0 0 0 25 0 0 0 
25 0 0 0 0 0 0 0 0 0 0 0 0 0 0 21 5 0 42 43 60 0 0 0 0 0 0 0 0 0 0 48 0 0 0 0 49 40 0 0 0 33 0 0 0 0 18 11 21 23 0 0 22 0 0 0 11 0 14 0 0 4 0 0 0 0 24 0 21 22 17 3 0 32 0 0 0 0 0 0 0 0 0 
0 3 47 2 0 3 0 0 0 0 0 5 9 2 0 13 21 0 0 27 0 21 0 0 9 0 0 0 0 2 27 0 0 0 20 1 0 1 0 4 0 0 27 6 0 6 17 0 0 0 0 0 0 0 40 27 0 0 0 0 0 5 0 56 0 
12 0 0 38 6 0 0 0 12 10 0 0 51 22 2 0 0 12 0 60 5 19 0 0 5 41 8 1 8 0 31 0 0 16 0 0 0 12 0 0 0 0 9 9 3 6 7 7 0 5 2 15 0 8 0 25 0 1 9 3 32 5 0 0 0 0 0 3 15 0 14 0 12 9 30 42 0 9 4 0 9 0 25 9 16 2 0 14 5 28 12 1 5 0 0 
7 0 0 0 13 20 0 1 21 9 0 0 0 1 12 0 9 1 0 6 19 0 0 3 32 0 0 1 0 0 0 17 7 10 0 9 10 0 16 13 5 1 0 0 12 0 22 14 2 9 15 0 14 22 22 0 0 19 11 18 8 32 31 0 0 19 26 12 0 0 0 0 0 5 12 23 7 0 10 33 12 25 0 20 0 0 19 
6 0 0 0 0 0 0 9 0 0 17 39 0 0 0 0 3 52 7 0 0 14 37 0 14 18 0 36 0 6 23 45 5 0 0 4 11 20 7 0 0 0 0 0 1 18 13 6 0 0 23 0 0 1 0 11 18 15 0 0 4 0 14 0 9 0 43 1 0 31 28 0 0 1 23 0 23 15 0 0 0 
0 0 0 0 3 16 0 0 1 1 0 13 16 0 0 4 13 0 3 10 28 0 44 0 22 9 4 1 26 1 20 0 15 22 0 0 4 0 0 6 25 21 13 5 0 0 0 27 0 0 0 0 22 21 2 55 10 11 0 1 6 0 0 0 4 0 0 8 6 8 0 8 0 7 5 0 25 10 0 0 0 0 11 8 0 17 1 9 0 37 13 0 0 27 0 0 5 7 0 0 11 3 16 17 0 
53 19 0 28 19 9 33 51 12 11 17 57 2 0 2 18 22 14 57 14 45 23 0 24 0 15 0 0 24 53 52 0 7 24 23 5 0 32 54 8 10 24 27 18 52 2 10 10 5 51 4 24 5 29 0 27 2 0 11 0 20 16 16 4 21 16 0 51 13 41 55 6 6 53 16 0 0 4 11 6 34 7 14 59 56 0 2 0 57 13 12 0 30 53 0 14 23 0 6 52 8 
3 18 16 22 11 53 9 57 2 25 3 3 11 53 1 58 0 11 17 7 2 51 23 52 21 15 52 53 60 41 12 56 23 18 8 31 55 60 17 35 2 4 4 31 52 6 15 59 1 10 3 29 34 2 3 60 58 53 7 55 7 51 52 27 11 5 9 25 6 3 56 59 46 58 30 24 30 18 8 5 50 60 
51 13 17 57 21 21 51 58 59 44 55 13 56 59 30 4 51 2 5 0 9 11 57 1 18 54 10 60 48 2 53 31 51 0 37 8 43 7 35 9 59 6 10 18 54 17 57 25 15 17 12 4 35 3 1 51 5 5 14 4 15 0 58 25 11 60 11 52 55 10 54 56 26 8 20 53 60 51 51 58 55 17 7 51 56 4 2 54 21 56 16 
9 60 51 5 1 56 11 55 4 56 49 1 29 13 56 54 57 12 57 14 59 3 56 51 18 29 12 26 5 59 54 4 59 53 5 49 51 17 8 53 59 16 9 56 58 52 2 12 8 16 21 51 17 37 14 27 3 51 17 32 32 13 38 24 53 58 5 9 7 56 59 51 59 8 20 48 18 11 0 1 4 21 9 41 60 56 13 51 7 15 22 21 11 27 55 9 15 
20 52 20 58 3 28 57 1 58 52 33 60 35 15 7 54 3 52 7 22 21 51 16 13 60 1 51 58 55 13 51 59 55 47 54 16 20 60 1 1 18 9 1 55 53 53 54 57 4 27 6 10 9 54 53 14 3 49 6 58 51 12 14 2 28 20 53 31 55 57 5 52 8 2 60 55 53 5 28 52 56 
58 12 7 6 17 56 42 55 56 8 23 24 70 53 53 15 8 56 58 7 3 55 44 46 55 6 5 2 55 9 9 10 54 54 3 53 24 60 17 6 2 15 54 20 7 56 17 54 50 55 60 19 59 54 58 1 28 30 25 59 4 53 53 4 51 36 57 8 1 3 13 22 51 56 54 19 13 26 2 2 
59 1 31 68 54 3 57 42 10 53 24 7 58 23 53 56 14 16 59 41 52 55 7 60 26 4 6 8 5 14 34 8 28 64 56 51 54 17 0 59 56 70 7 53 4 56 57 56 66 50 60 27 52 51 0 36 60 10 47 20 54 8 62 52 1 25 4 2 5 2 1 2 52 68 36 29 53 1 35 59 8 56 11 17 59 9 52 0 15 
51 54 10 51 53 17 2 5 52 13 11 59 44 58 60 37 54 32 51 8 8 57 53 1 57 53 55 13 43 3 63 58 57 61 17 1 56 2 12 55 3 53 11 13 7 66 23 10 10 51 1 60 51 17 1 0 16 57 42 55 0 11 64 2 60 72 71 7 54 3 60 79 18 52 62 52 7 53 0 37 0 
64 40 54 4 68 61 21 51 51 29 59 1 39 53 55 76 52 51 55 5 69 3 33 3 8 16 9 86 60 83 15 55 58 59 60 58 4 57 17 0 4 9 66 28 7 52 9 18 65 11 11 5 2 57 55 12 55 20 4 19 25 55 57 47 75 55 2 79 21 79 51 53 16 30 3 17 57 74 36 11 59 3 89 62 58 8 51 55 59 19 10 52 75 55 51 71 18 55 18 2 6 49 18 54 57 52 19 52 2 
2 7 36 0 63 52 56 6 85 2 15 17 5 77 53 58 1 51 64 13 23 6 99 16 57 77 56 7 53 43 57 26 15 22 56 67 55 59 60 56 22 65 11 58 60 59 15 90 2 45 52 0 27 56 13 54 11 69 5 12 42 61 35 7 35 66 1 8 17 26 28 95 58 8 56 22 60 6 7 56 100 62 0 5 1 13 61 52 18 2 23 51 57 6 20 25 36 58 18 16 52 62 17 
2 52 51 88 59 41 20 54 62 6 11 51 78 40 8 3 60 10 8 77 90 60 26 0 9 10 53 102 57 1 60 13 72 32 65 97 6 53 60 25 59 46 4 60 56 31 12 34 53 2 53 71 18 2 56 2 54 33 45 10 57 80 58 6 52 2 59 47 76 21 104 52 93 9 5 59 4 51 39 90 3 5 5 53 55 86 64 42 4 47 53 1 23 100 83 110 74 56 
44 3 92 29 38 3 92 1 43 59 16 113 2 72 53 94 8 89 60 6 57 52 56 5 69 34 52 14 111 73 21 59 4 36 23 76 41 85 55 97 46 114 60 59 27 58 0 36 53 63 38 54 39 33 69 48 65 88 60 26 59 5 110 53 13 23 40 20 54 44 59 1 45 75 18 59 44 47 58 108 3 64 29 60 58 60 43 59 61 9 46 
74 47 15 14 4 110 0 9 20 16 27 56 17 27 95 52 5 16 54 41 10 55 46 38 70 0 3 100 51 102 16 53 80 72 7 101 23 118 91 58 3 116 72 124 68 4 56 57 101 5 101 39 104 52 118 109 104 130 24 58 94 94 56 84 57 39 33 51 66 18 20 49 89 55 55 98 128 45 121 124 14 50 48 89 43 46 111 91 27 99 34 56 
127 80 16 95 109 2 51 6 86 62 106 38 59 57 31 115 19 37 96 93 127 14 63 15 87 36 35 5 110 53 47 6 58 127 78 26 64 60 52 64 6 83 83 114 7 39 48 3 57 89 101 113 36 122 40 107 35 32 52 20 68 17 6 76 5 49 117 57 119 
150 0 27 3 32 113 141 100 19 95 42 116 78 63 148 119 14 125 18 141 55 124 1 57 25 52 3 4 23 38 58 15 15 109 129 131 47 79 17 91 95 36 23 45 58 59 104 40 17 12 3 142 83 88 121 10 126 22 53 117 16 3 125 141 95 1 26 138 71 126 61 94 99 2 144 27 58 26 91 15 10 63 13 48 155 15 53 30 75 23 133 134 118 15 12 
29 105 57 9 106 16 124 38 132 81 94 15 105 28 36 55 11 36 68 124 131 82 21 113 141 53 4 147 27 56 139 141 148 8 15 23 78 62 14 29 138 17 8 122 36 35 151 40 3 38 40 73 130 71 10 37 12 111 1 100 26 26 96 150 102 42 128 73 34 30 73 58 29 68 126 14 79 80 158 
147 84 151 3 1 28 82 59 61 12 121 76 21 8 20 7 5 7 90 92 40 3 16 177 34 109 138 0 40 109 128 50 126 120 10 123 7 125 94 93 26 6 51 45 9 146 10 52 134 126 63 90 129 126 36 68 24 71 2 79 73 128 37 132 109 131 86 114 154 87 3 1 11 111 82 156 152 97 119 23 85 150 100 2 111 94 21 116 46 78 67 170 
123 130 171 7 18 96 57 42 140 102 150 67 113 57 77 81 94 2 49 169 161 80 33 20 70 160 94 143 132 117 74 105 58 106 44 140 169 93 162 80 89 145 137 25 165 5 69 116 41 77 131 62 135 91 45 138 163 102 36 17 162 4 166 65 139 179 54 41 83 147 
0 10 178 99 176 6 151 86 145 85 12 160 146 95 126 124 168 52 178 101 53 24 117 19 170 162 90 155 84 0 9 23 95 38 126 102 28 9 13 170 5 162 7 38 103 132 112 164 13 56 8 41 88 27 13 102 37 118 59 14 84 131 7 158 166 64 128 129 4 76 144 109 27 98 109 174 171 94 34 167 133 38 28 149 47 102 92 98 173 139 93 151 
180 106 163 159 50 65 135 95 50 81 71 18 110 1 179 2 113 62 101 140 160 134 8 97 142 122 122 104 85 68 92 18 52 100 122 19 61 45 169 102 121 30 132 27 151 24 176 136 122 28 4 38 140 99 156 68 123 132 135 61 172 125 172 119 178 34 30 167 66 171 91 22 
94 93 135 69 108 151 171 79 116 42 117 131 87 122 160 130 166 108 83 133 96 63 41 41 141 47 6 157 125 159 80 145 54 48 33 107 61 99 172 50 152 37 123 135 138 11 109 112 10 130 176 113 100 50 14 111 55 174 164 175 130 28 121 34 17 38 86 100 96 61 6 84 35 31 93 13 144 37 171 55 63 29 112 177 145 174 68 85 33 171 
97 133 180 132 123 117 122 147 117 156 139 40 108 85 140 55 178 35 161 163 179 124 34 46 23 119 63 134 40 117 156 70 75 144 118 38 38 152 120 106 173 162 129 113 104 178 19 100 2 152 93 121 51 52 61 165 171 118 65 178 90 154 179 115 54 90 81 152 173 131 161 176 171 177 67 155 41 109 73 22 87 38 129 75 168 174 99 5 76 171 141 179 176 
118 110 148 171 168 84 75 172 108 123 81 175 156 116 55 79 159 166 121 174 180 81 162 155 45 139 71 59 172 113 171 122 82 63 85 172 128 123 28 101 83 149 132 142 77 136 161 117 116 131 173 128 147 8 171 136 56 96 98 111 114 59 176 173 123 175 142 108 85 54 94 105 52 105 130 131 55 117 110 177 176 56 124 177 120 139 171 179 174 128 32 16 
63 42 174 57 114 126 137 137 26 173 92 119 127 143 90 77 62 154 159 68 174 171 176 64 104 125 73 125 67 119 136 70 61 106 109 170 159 154 175 179 102 171 87 129 99 179 37 61 102 144 149 64 176 115 164 149 179 140 116 141 123 123 154 63 162 99 61 79 67 143 60 176 
45 81 138 174 72 85 174 78 141 85 84 129 172 120 175 51 158 113 173 87 120 78 119 75 55 176 125 78 179 78 172 179 178 177 75 80 113 74 143 177 72 126 179 71 120 80 171 140 95 168 52 77 111 35 101 77 28 149 82 63 117 75 108 93 55 109 96 75 178 124 171 102 178 69 171 43 176 25 
84 176 77 83 168 125 88 95 123 175 127 180 172 93 120 80 146 79 69 126 100 180 81 173 173 82 103 113 43 81 126 131 172 125 172 176 108 172 124 70 118 117 114 119 170 92 112 80 180 120 176 179 171 71 94 121 139 78 148 173 98 91 103 126 123 112 95 101 173 77 77 156 51 
137 118 176 101 93 128 151 54 90 96 98 151 88 173 127 125 174 172 119 89 82 105 97 111 116 138 101 171 133 179 116 96 96 180 106 56 98 88 88 87 111 72 117 98 116 178 125 175 102 153 105 178 121 129 126 124 172 106 180 96 144 178 87 99 137 117 172 121 177 97 133 93 104 175 99 180 171 66 127 134 174 112 61 94 176 171 67 43 131 132 
88 172 100 119 91 92 111 111 105 127 174 147 85 101 178 101 176 111 65 148 81 75 127 60 111 75 112 103 104 105 143 88 112 90 88 112 114 137 96 65 103 121 116 177 121 121 110 132 131 104 81 70 112 171 109 118 114 161 99 88 69 114 60 104 106 81 149 162 121 113 98 114 102 107 103 60 
79 125 87 123 118 89 174 80 66 104 111 103 83 85 65 117 112 129 80 115 110 95 121 102 78 109 112 140 174 108 125 79 116 83 115 111 85 119 85 103 109 111 111 65 118 79 174 60 172 120 110 121 64 114 77 72 134 69 136 105 77 119 174 123 118 118 108 113 79 140 174 163 108 100 151 68 147 62 115 65 115 147 116 102 83 76 117 121 121 112 155 179 64 106 62 115 114 125 100 85 116 118 117 67 115 65 
70 110 109 66 61 156 120 124 105 122 65 97 105 122 83 130 68 146 76 73 96 174 76 120 117 128 72 68 68 129 87 74 125 125 69 137 123 78 128 131 77 74 135 122 120 116 137 140 63 77 98 178 128 92 77 100 80 101 71 125 125 79 86 66 86 126 66 83 86 121 173 121 172 123 144 127 115 107 92 86 121 86 73 74 88 126 73 120 
75 67 95 75 110 91 85 118 82 132 95 114 135 162 79 93 68 133 73 130 93 125 119 85 107 101 103 79 76 105 61 67 75 123 133 75 74 119 115 96 103 127 81 67 116 136 97 135 172 110 138 128 104 126 127 171 102 63 77 128 132 92 89 66 137 100 136 128 77 104 119 60 80 79 91 
82 102 63 73 132 84 93 91 81 100 146 144 91 124 78 112 146 75 102 132 119 98 67 92 112 139 130 64 136 136 124 109 104 75 134 114 99 93 142 78 147 128 124 103 174 120 91 120 84 100 83 144 103 114 131 121 114 100 108 96 104 68 71 85 171 132 116 149 127 86 119 116 71 74 86 119 110 125 100 145 118 94 118 89 80 
120 105 91 113 117 134 130 100 68 124 90 117 64 77 124 87 93 120 99 123 93 152 72 99 122 151 62 177 126 89 124 95 78 111 135 119 120 93 145 117 104 96 177 127 125 107 123 90 81 98 92 120 138 75 102 102 128 107 136 136 65 103 119 67 86 101 119 119 91 114 120 121 93 106 157 120 97 136 152 94 145 111 96 134 117 99 100 
87 100 91 121 111 173 101 94 123 117 99 109 92 98 120 118 133 113 121 176 116 99 120 121 120 123 99 120 120 120 94 84 125 62 114 106 111 101 80 111 101 136 108 101 120 115 108 112 115 108 120 99 120 113 120 122 120 116 97 84 121 178 144 120 130 69 88 86 120 179 120 107 109 99 172 120 78 120 118 84 83 63 174 83 120 
120 120 120 120 120 120 73 120 120 138 146 120 114 113 120 116 146 116 103 120 129 120 113 120 147 122 120 120 120 120 120 120 103 118 127 120 113 109 119 65 127 120 116 131 109 120 120 114 120 120 120 112 78 119 105 120 120 92 139 173 85 128 120 118 108 97 120 120 105 119 120 120 129 153 124 123 128 120 120 120 120 105 115 115 162 120 120 120 105 120 121 96 122 95 79 93 120 157 120 110 93 91 77 
67 0 66 0 0 64 63 63 61 0 0 64 63 0 0 0 0 0 0 65 60 60 65 0 60 0 63 0 0 0 63 63 67 67 0 0 65 0 0 61 0 0 63 67 0 0 60 64 69 0 0 67 65 0 0 0 0 63 68 0 60 63 69 66 0 0 0 0 0 67 0 63 0 64 60 65 64 65 64 67 66 0 61 61 0 66 61 62 0 0 0 0 
0 68 69 0 69 65 0 65 60 64 63 62 67 0 62 0 63 0 0 65 62 0 0 62 64 0 0 0 0 0 64 66 62 69 66 67 61 69 66 62 0 60 60 64 0 62 0 0 0 60 0 0 0 0 69 63 64 66 64 67 66 68 0 0 60 64 67 0 0 0 69 0 69 68 0 0 69 60 66 0 65 65 62 67 64 62 61 63 
61 62 69 66 0 0 62 68 69 0 60 157 62 60 66 62 64 68 64 60 62 0 64 0 65 0 60 64 0 68 62 68 0 63 0 67 0 69 64 0 0 0 0 62 62 62 69 0 65 68 0 0 0 68 0 64 68 0 61 61 61 68 63 0 61 0 65 0 0 68 0 66 0 64 60 67 65 0 0 68 65 60 62 61 63 0 0 0 0 68 65 67 69 66 64 
69 65 69 62 65 69 64 0 64 64 0 66 65 69 64 61 67 146 65 65 69 65 66 0 62 63 66 65 68 61 62 62 67 0 0 68 62 0 0 0 66 0 67 60 62 65 0 60 63 61 60 67 63 0 0 0 64 61 0 63 64 67 63 67 69 62 62 67 0 0 65 67 62 61 63 69 60 62 65 62 
67 0 63 66 64 0 67 65 0 67 0 62 61 62 60 69 66 68 60 0 68 66 66 65 0 61 62 64 65 67 68 60 64 66 63 62 177 62 66 60 68 63 67 65 61 68 60 0 60 63 64 62 60 69 65 68 63 60 63 69 67 66 69 65 69 63 68 61 65 0 67 63 68 152 62 0 64 64 64 63 66 67 64 0 67 60 65 65 
60 0 138 0 66 0 61 61 66 138 62 0 65 68 65 62 61 62 68 64 61 68 0 67 60 65 69 68 67 150 64 61 63 64 66 62 66 61 60 65 0 0 67 0 65 63 62 66 66 0 60 0 65 69 64 63 68 69 64 63 66 66 62 63 67 141 0 142 62 62 0 60 0 0 0 133 67 61 67 66 64 62 60 64 65 
62 131 67 69 118 66 65 0 129 64 0 67 62 62 138 143 66 61 60 60 66 60 69 65 63 66 63 65 146 62 60 64 142 61 64 68 67 60 127 61 138 67 60 64 69 0 65 65 67 67 68 68 65 61 146 137 128 61 62 69 69 133 65 155 68 131 116 66 61 69 61 0 61 144 122 126 68 67 68 
61 61 61 63 68 67 127 124 65 142 66 61 67 69 135 61 64 63 67 64 141 66 62 69 68 116 63 66 67 66 69 63 107 109 62 68 160 110 66 119 69 117 66 62 62 64 66 156 61 64 64 64 63 62 65 62 62 68 63 67 60 63 125 62 133 61 67 127 64 68 67 65 63 64 63 63 62 60 61 66 69 119 131 60 139 64 
62 65 62 62 122 61 63 65 118 61 67 66 63 68 113 124 132 61 129 68 65 63 136 64 68 63 62 109 107 128 68 63 115 69 128 125 63 66 66 65 60 68 62 62 69 63 61 126 66 65 111 67 66 164 129 65 67 67 68 134 120 117 62 65 65 63 131 65 119 62 65 104 64 64 67 111 66 61 
109 61 124 66 128 119 67 118 63 125 111 88 64 60 118 103 65 64 66 133 63 61 99 67 109 64 101 114 60 61 61 100 124 66 132 68 66 60 66 66 62 61 65 121 69 134 110 111 66 69 67 68 61 60 65 129 69 124 69 62 61 132 61 63 121 61 62 104 104 65 63 130 62 69 151 102 127 60 60 69 69 63 63 121 60 69 65 133 88 62 96 65 
64 64 62 64 69 102 123 105 115 105 68 60 124 65 176 117 64 61 61 117 63 69 69 103 62 124 67 95 108 124 96 117 119 65 66 61 61 66 100 68 69 63 69 65 117 60 131 68 63 89 64 121 69 64 69 64 125 62 69 62 65 61 64 66 68 87 65 63 66 91 69 127 119 140 151 69 61 116 
103 124 117 61 61 68 62 120 61 122 64 118 110 69 91 61 112 61 68 68 63 66 65 63 123 62 67 69 99 90 137 68 88 62 60 67 64 64 62 116 65 63 64 69 65 60 74 61 105 67 68 93 119 63 88 124 60 62 107 88 67 62 107 61 65 66 102 67 108 114 69 108 75 99 63 62 63 64 76 68 69 103 120 62 66 65 62 96 118 100 62 63 62 67 
119 145 62 65 174 63 64 65 60 63 60 66 65 60 152 62 69 61 61 61 70 69 105 67 53 64 67 60 63 60 97 120 61 129 62 68 164 68 55 61 69 155 68 91 66 175 128 64 125 104 66 60 64 64 61 64 132 71 119 51 121 64 142 104 125 67 61 63 112 95 118 113 68 65 61 94 113 64 160 65 66 68 142 68 132 111 104 127 
151 50 55 50 52 118 59 43 122 58 88 45 109 55 112 137 111 72 57 114 58 53 58 118 154 111 55 51 50 55 43 114 51 53 59 52 53 53 142 54 55 58 51 53 144 53 146 59 137 107 88 161 53 85 166 55 73 54 78 126 105 152 149 50 50 59 53 56 133 55 50 108 138 118 56 57 56 56 58 76 
42 100 100 46 41 113 44 81 140 42 68 57 44 35 45 49 47 93 113 155 33 141 108 48 41 49 138 49 47 152 93 40 42 146 115 98 49 42 45 86 48 117 40 99 102 40 154 147 140 94 152 75 111 49 101 114 41 117 44 50 111 48 85 41 122 41 124 31 48 126 41 138 44 45 47 41 149 120 40 131 88 118 44 44 42 45 41 127 42 45 47 41 141 40 48 134 118 41 91 63 137 42 84 42 142 40 46 43 47 154 42 148 44 35 45 
32 39 103 96 39 39 33 37 37 37 33 36 34 89 106 30 36 94 31 115 108 33 123 35 34 38 37 34 38 98 36 92 31 48 83 80 97 33 112 148 36 106 31 80 96 38 148 31 141 31 33 33 88 34 68 33 98 38 116 38 21 38 36 53 87 38 70 103 110 149 35 30 108 105 94 94 33 
115 115 136 29 73 22 23 23 51 15 55 96 20 51 83 21 20 13 88 24 15 27 24 20 24 24 95 73 23 123 27 75 90 20 87 65 44 107 23 24 87 87 24 95 23 73 45 22 15 24 27 28 23 28 29 20 111 25 26 99 23 87 20 22 21 21 74 96 28 20 29 29 23 88 24 23 21 28 
89 16 15 1 15 14 1 10 16 19 19 18 58 15 12 16 96 17 18 16 13 17 93 15 71 12 19 17 17 10 3 11 95 6 106 11 35 14 3 70 96 54 12 10 112 14 12 10 14 71 17 107 11 87 53 100 13 16 70 11 10 17 12 69 81 15 92 87 17 12 87 15 13 12 18 79 45 15 11 10 10 130 17 84 18 15 12 12 13 16 100 116 68 13 
32 5 9 59 3 64 0 9 5 5 0 60 66 7 75 59 1 4 74 40 2 93 1 7 60 7 3 120 9 4 2 9 16 7 3 6 71 65 9 1 1 3 7 1 3 0 2 8 9 96 4 2 4 84 107 3 2 8 26 74 66 7 94 7 0 97 0 99 9 8 7 62 60 3 66 8 2 52 6 1 0 67 89 89 61 72 2 7 58 
59 80 6 63 50 67 104 59 5 72 4 4 6 89 104 7 95 8 8 3 10 51 8 7 4 17 4 4 65 1 62 14 45 10 1 52 1 60 78 50 84 8 8 4 49 17 66 30 14 17 9 17 9 104 53 5 64 51 8 7 9 5 56 10 2 5 5 36 17 6 69 57 5 86 8 
4 20 11 16 16 11 9 19 100 17 78 22 13 17 11 13 20 73 46 54 41 34 15 52 12 76 11 15 11 17 16 34 16 19 18 42 17 11 70 12 26 29 16 16 25 64 12 94 20 52 17 17 17 21 13 20 67 5 86 55 16 31 20 19 69 67 20 15 13 60 80 15 11 13 18 39 53 13 14 17 18 95 12 16 38 14 19 14 4 45 42 12 13 15 
33 33 46 29 30 38 24 77 25 82 37 24 23 25 46 87 36 9 30 26 28 28 23 29 27 53 32 24 35 22 48 24 39 30 23 22 22 28 44 28 37 23 27 29 23 25 31 37 35 30 78 29 23 32 21 35 62 27 44 24 22 49 28 34 68 22 67 25 26 29 37 26 34 25 54 38 35 33 28 23 23 29 17 38 31 40 27 22 31 40 30 28 38 39 
31 37 44 31 32 19 44 55 4 31 67 19 35 29 37 31 35 25 3 58 31 49 40 30 35 11 31 36 31 26 36 47 2 33 31 20 51 40 40 39 19 17 33 38 15 62 37 36 33 33 67 5 33 38 47 38 23 32 2 40 32 38 38 37 39 35 36 40 33 35 5 39 32 36 32 39 33 23 55 
43 37 50 64 23 15 10 38 8 69 16 50 57 45 49 43 64 49 43 70 48 61 8 44 44 44 49 50 27 59 42 43 13 48 18 50 42 50 28 49 50 62 50 50 8 48 41 44 42 41 48 28 47 8 16 45 49 31 46 37 9 48 28 41 30 9 42 22 41 41 58 3 45 41 7 48 48 41 47 10 26 10 23 46 13 48 45 42 41 
24 57 53 51 55 12 51 38 57 57 35 12 54 55 20 60 13 32 4 17 16 47 14 27 53 53 52 53 58 54 55 54 59 60 7 51 58 51 33 47 65 56 9 60 55 10 52 32 39 59 52 36 54 54 3 54 20 56 55 35 4 8 51 58 34 11 59 35 55 58 21 51 65 15 10 0 60 55 2 
7 19 40 2 51 79 3 60 4 11 50 56 12 14 57 19 79 20 8 57 55 29 20 17 59 4 40 18 36 44 26 31 52 55 17 2 58 3 0 38 27 58 54 5 60 18 79 46 12 25 32 39 25 60 16 6 35 28 32 1 1 58 54 26 1 54 69 53 54 4 14 22 2 4 2 6 4 59 49 
10 21 12 1 18 28 85 54 15 85 6 85 89 5 85 28 6 46 59 42 3 23 7 6 26 41 24 7 4 56 7 1 55 4 53 1 19 18 4 3 52 4 55 56 16 14 75 60 58 0 87 35 0 50 18 32 1 24 7 22 53 10 13 84 23 25 54 2 51 10 10 29 56 5 26 1 55 0 22 21 9 50 46 57 24 2 24 51 8 52 57 
24 2 22 64 2 21 6 57 38 19 94 2 70 32 99 38 22 22 11 6 55 12 39 11 40 8 60 29 51 60 27 43 44 33 9 5 97 10 4 1 11 11 2 35 45 53 14 33 34 52 44 7 18 30 22 6 52 57 11 1 41 21 15 18 25 39 7 2 54 26 55 6 4 56 18 15 19 53 8 4 60 53 3 30 44 28 9 60 
20 1 9 11 9 5 6 46 20 41 4 49 45 12 8 31 12 56 105 16 22 6 6 35 10 49 14 48 28 6 14 53 60 52 16 53 25 107 14 31 4 13 42 2 18 17 44 60 12 13 25 1 6 16 19 44 54 13 8 16 2 13 32 53 10 15 60 7 57 60 20 29 54 59 47 28 53 12 57 46 73 
59 17 4 68 114 20 34 24 39 45 21 7 18 23 7 40 13 52 9 54 11 32 55 32 3 27 64 4 17 53 57 24 87 8 0 114 59 5 14 64 1 8 25 3 58 1 51 1 17 45 22 3 59 51 5 40 13 55 24 57 28 17 7 41 9 34 39 56 36 15 10 32 30 0 117 12 60 58 50 20 40 7 15 16 15 
7 5 17 18 36 7 18 27 57 23 28 12 21 5 12 127 38 27 12 21 13 41 3 34 37 6 24 18 11 51 5 22 2 30 45 52 124 57 2 4 2 3 12 44 7 58 54 46 23 1 125 28 11 7 42 31 20 8 25 25 25 18 19 5 124 30 15 20 23 60 8 0 11 7 8 52 27 124 5 54 14 10 16 16 40 8 
55 3 8 45 12 33 21 34 2 134 8 21 6 6 8 139 6 16 54 53 21 26 33 1 22 25 56 21 15 4 5 30 18 14 34 2 16 13 46 51 2 20 8 10 13 19 28 2 16 4 13 12 23 10 10 24 21 28 44 3 26 53 52 60 54 6 
10 57 21 20 147 53 4 11 11 11 5 2 23 59 15 18 22 57 16 37 59 2 19 1 9 11 60 17 1 52 9 14 51 8 2 2 0 14 7 34 147 147 18 11 8 52 27 55 5 52 48 14 145 52 24 10 28 5 25 53 2 144 24 10 23 17 9 145 28 13 8 11 18 59 0 3 4 15 3 33 47 41 30 10 11 19 16 30 35 41 12 2 41 30 
42 21 14 30 25 159 7 22 14 107 31 25 27 17 0 4 10 9 12 28 31 16 57 0 17 5 2 56 12 16 50 27 39 10 4 18 52 51 45 10 1 38 0 18 30 14 16 24 55 22 24 24 29 23 56 23 46 41 6 36 32 2 13 38 27 17 18 12 38 57 18 57 7 3 2 15 18 34 1 8 
58 13 1 12 43 0 18 2 9 32 3 58 1 59 42 6 11 27 30 0 6 6 169 16 2 12 45 44 51 28 22 53 8 50 52 6 36 13 34 2 7 3 43 54 52 1 1 16 5 29 32 7 32 3 23 79 38 60 31 56 27 2 11 18 7 51 24 34 10 60 19 50 27 12 55 57 154 50 5 26 19 30 11 4 19 35 1 
12 5 177 37 13 44 18 11 11 3 6 175 1 3 32 21 7 10 3 56 18 11 15 8 11 4 15 124 34 26 14 15 2 1 7 37 55 1 20 47 9 12 17 175 58 9 51 154 55 8 59 14 7 43 124 56 8 1 3 36 32 28 35 36 5 11 8 22 10 13 24 11 21 2 26 133 25 21 5 8 14 10 
0 42 54 31 17 13 16 43 55 33 21 3 14 6 57 20 55 41 53 19 1 14 10 16 24 19 37 2 22 32 34 21 5 50 23 56 17 28 37 48 6 24 8 11 28 34 18 35 25 14 26 13 5 36 21 7 7 7 47 11 20 11 13 10 17 37 9 51 44 6 33 43 5 58 0 40 28 22 1 50 23 59 0 22 
21 36 15 46 0 3 53 30 1 60 51 40 28 60 19 40 24 21 53 29 9 30 19 47 10 4 41 17 59 55 7 0 9 12 34 57 59 22 40 13 53 38 41 43 5 24 34 6 52 17 24 0 12 10 3 0 13 0 27 9 42 2 3 37 10 9 23 11 27 14 0 9 42 51 10 
1 22 54 10 57 26 20 9 53 5 9 49 3 20 0 28 59 30 58 1 38 0 15 23 52 0 30 55 53 60 1 52 55 4 37 18 9 1 54 4 15 39 50 41 12 57 33 13 7 56 29 7 8 51 19 4 37 16 0 17 54 0 11 27 0 22 42 16 3 37 55 11 36 26 5 6 58 53 26 30 41 
12 14 28 16 0 55 2 4 4 8 34 8 5 3 21 58 0 19 10 15 12 5 19 51 11 20 52 8 4 58 6 14 55 32 0 60 0 32 58 44 42 58 0 41 0 0 42 4 56 13 0 31 9 33 22 60 0 16 14 21 18 28 1 47 52 26 32 23 52 13 48 0 2 16 1 19 8 27 1 17 35 0 21 0 
9 9 17 1 22 0 0 0 51 0 33 54 0 3 15 6 7 8 52 57 0 0 17 0 19 7 7 0 13 0 29 0 5 28 52 39 9 33 0 0 5 0 50 36 16 55 8 10 0 1 7 51 50 14 4 4 19 39 2 14 56 7 10 59 20 10 59 53 6 56 12 53 29 51 9 36 5 8 0 16 58 50 
0 14 0 12 0 53 21 25 56 0 17 46 13 0 27 54 3 56 0 34 10 10 51 18 51 0 12 0 0 55 12 0 60 1 2 2 26 52 3 1 4 58 0 22 3 29 0 10 0 34 30 44 53 11 51 6 0 4 0 0 56 8 7 54 0 44 0 0 0 10 26 56 15 5 7 0 13 60 1 58 3 0 11 1 8 13 5 
0 0 56 57 55 7 0 5 12 3 0 0 60 0 8 18 58 56 52 59 59 0 9 3 21 0 14 37 32 0 0 60 4 0 0 4 0 56 58 0 56 28 57 0 57 0 0 2 15 8 56 10 2 5 15 55 0 0 14 0 0 4 0 0 0 0 0 0 54 54 53 0 19 56 52 0 48 10 35 2 58 0 0 25 0 0 52 53 55 21 
55 0 0 0 0 37 0 52 0 0 19 0 0 14 11 0 52 0 39 26 0 10 9 0 51 51 0 0 21 51 0 0 0 0 54 0 56 15 55 16 27 55 18 38 24 0 57 19 0 16 10 0 0 55 0 23 55 0 0 5 51 0 37 11 0 0 8 0 57 0 0 
0 0 59 23 0 21 0 0 0 0 30 45 26 0 0 52 0 57 0 0 0 0 54 0 0 0 15 31 0 0 57 0 0 0 0 32 0 0 33 49 0 46 0 0 0 0 0 59 16 30 0 23 35 56 0 0 57 51 0 39 49 37 54 0 22 0 
0 53 0 0 36 0 0 27 58 0 0 57 55 0 0 0 54 0 0 0 0 0 0 0 0 52 57 0 54 0 0 0 47 0 59 0 0 0 57 37 57 0 28 0 0 0 0 54 0 0 0 55 0 0 0 0 30 0 27 54 0 56 55 0 0 0 0 0 0 0 54 0 0 0 0 0 0 
55 0 52 0 0 0 0 0 44 0 56 48 58 0 0 0 51 0 0 0 0 0 0 0 47 0 56 0 0 0 0 53 0 55 60 0 0 59 54 0 0 0 0 56 0 56 0 0 0 0 0 0 60 0 0 0 0 0 55 0 0 53 40 0 0 0 0 0 56 42 0 56 0 56 
0 0 0 0 0 59 0 0 0 0 0 0 0 54 0 0 0 0 0 0 0 0 0 0 51 0 58 0 0 59 0 58 0 0 56 60 0 0 0 0 58 58 0 0 0 56 0 0 57 0 0 0 55 48 0 0 0 0 0 0 0 0 56 0 50 0 0 0 0 0 0 0 55 58 0 0 0 
60 0 0 0 58 0 0 0 0 0 0 0 0 58 0 0 0 0 0 0 0 0 0 0 0 0 0 0 0 0 0 0 0 0 0 0 0 58 0 0 0 0 0 0 0 0 0 0 0 0 0 0 0 0 58 0 0 0 0 0 0 0 0 0 0 0 0 0 0 0 0 0 0 0 0 0 0 0 0 0 55 0 
0 0 0 0 0 0 0 0 0 0 0 0 0 0 0 0 0 0 0 0 0 0 0 0 0 0 0 0 0 0 0 0 0 0 0 0 0 0 0 0 0 0 0 0 0 0 0 0 0 0 0 0 0 0 0 0 0 0 0 0 0 0 0 0 0 0 0 0 0 0 0 0 0 0 0 0 0 0 0 0 0 0 0 0 0 0 
0 0 0 0 0 0 0 0 0 0 0 0 0 0 0 0 0 0 0 0 0 0 0 0 0 0 0 0 0 0 0 0 0 0 0 0 0 0 0 0 0 0 0 0 0 0 0 0 0 0 0 0 0 0 0 0 0 0 0 0 0 0 0 0 0 0 0 0 0 0 0 0 0 0 0 0 0 0 0 0 0 0 0 0 0 0 0 0 0 0 0 
0 0 0 0 0 0 0 0 0 0 0 0 0 0 0 0 0 0 0 0 0 0 0 0 0 0 0 0 0 0 0 0 0 0 0 0 0 0 0 0 0 0 0 0 0 0 0 0 0 0 0 0 0 0 0 0 0 0 0 0 0 0 0 0 0 0 0 0 0 0 0 0 0 0 0 0 0 0 0 0 0 0 
0 0 0 0 0 0 0 0 0 0 0 0 0 0 0 0 0 0 0 0 0 0 0 0 0 0 0 0 0 0 0 0 0 0 0 0 0 0 0 0 0 0 0 0 0 0 0 0 0 0 0 0 0 0 0 0 0 0 0 0 0 0 0 0 0 0 0 0 0 0 0 0 0 0 0 0 0 0 0 0 0 0 0 0 0 0 0 0 0 0 0 0 0 
0 0 0 0 0 0 0 0 0 0 0 0 0 0 0 0 0 0 0 0 0 0 0 0 0 0 0 0 0 0 0 0 0 0 0 0 0 0 0 0 0 0 0 0 0 0 0 0 0 0 0 0 0 0 0 0 0 0 0 0 0 
0 0 0 0 0 0 0 0 0 0 0 0 0 0 0 0 0 0 0 0 0 0 0 0 0 0 0 0 0 0 0 0 0 0 0 0 0 0 0 0 0 0 0 0 0 0 0 0 0 0 0 0 0 0 0 0 0 0 0 0 0 0 0 0 0 0 0 0 0 0 0 0 0 0 0 0 0 0 0 0 0 0 0 0 0 0 0 0 0 0 0 0 0 0 0 0 0 0 0 0 
0 0 0 0 0 0 0 0 0 0 0 0 0 0 0 0 0 0 0 0 0 0 0 0 0 0 0 0 0 0 0 0 0 0 0 0 0 0 0 0 0 0 0 0 0 0 0 0 0 0 0 0 0 0 0 0 0 0 0 0 0 0 0 0 0 0 0 0 0 0 0 0 0 0 0 0 0 0 0 0 0 0 
0 0 0 0 0 0 0 0 0 0 0 0 0 0 0 0 0 0 0 0 0 0 0 0 0 0 0 0 0 0 0 0 0 0 0 0 0 0 0 0 0 0 0 0 0 0 0 0 0 0 0 0 0 0 0 0 0 0 0 0 0 0 0 0 0 0 0 0 0 0 0 0 0 0 0 0 0 0 0 0 0 0 0 0 0 0 0 0 0 
0 0 0 0 0 0 0 0 0 0 0 0 0 0 0 0 0 0 0 0 0 0 0 0 0 0 0 0 0 0 0 0 0 0 0 0 0 0 0 0 0 0 0 0 0 0 0 0 0 0 0 0 0 0 0 0 0 0 0 0 0 0 0 0 0 0 0 0 0 0 0 0 0 0 0 0 0 0 0 0 0 0 0 0 0 0 0 0 
0 0 0 0 0 0 0 0 0 0 0 0 0 0 0 0 0 0 0 0 0 0 0 0 0 0 0 0 0 0 0 0 0 0 0 0 0 0 0 0 0 0 0 0 0 0 0 0 0 0 0 0 0 0 0 0 0 0 0 0 0 0 0 0 0 0 0 0 0 0 0 0 0 0 0 0 0 0 0 0 0 0 0 0 0 0 
0 0 0 0 0 0 0 0 0 0 0 0 0 0 0 0 0 0 0 0 0 0 0 0 0 0 0 0 0 0 0 0 0 0 0 0 0 0 0 0 0 0 0 0 0 0 0 0 0 0 0 0 0 0 0 0 0 0 0 0 0 0 0 0 0 0 0 0 0 0 0 0 0 0 0 0 0 0 
