1

8.3 8.3 8.3 8.3
8.3 8.3 8.3 8.3
8.3 8.3 8.3 8.3
11.1 11.1 11.1 11.1
11.1 11.1 8.3 8.3
8.3 8.3 8.3 8.3

8.3 8.3 8.3 8.3
8.3 8.3 8.3 8.3
8.3 8.3 8.3 8.3
11.1 11.1 11.1 11.1
11.1 11.1 8.3 8.3
8.3 8.3 8.3 8.3

8.3 8.3 8.3 8.3
8.3 8.3 8.3 8.3
8.3 8.3 8.3 8.3
11.1 11.1 11.1 11.1
11.1 11.1 8.3 8.3
8.3 8.3 8.3 8.3

8.3 8.3 8.3 8.3
8.3 8.3 8.3 8.3
8.3 8.3 8.3 8.3
11.1 11.1 11.1 11.1
11.1 11.1 8.3 8.3
8.3 8.3 8.3 8.3

8.3 8.3 8.3 8.3
8.3 8.3 8.3 8.3
8.3 8.3 8.3 8.3
11.1 11.1 11.1 11.1
11.1 11.1 8.3 8.3
8.3 8.3 8.3 8.3

8.3 8.3 8.3 8.3
8.3 8.3 8.3 8.3
8.3 8.3 8.3 8.3
11.1 11.1 11.1 11.1
11.1 11.1 8.3 8.3
8.3 8.3 8.3 8.3

8.3 8.3 8.3 8.3
8.3 8.3 8.3 8.3
8.3 8.3 8.3 8.3
11.1 11.1 11.1 11.1
11.1 11.1 8.3 8.3
8.3 8.3 8.3 8.3

2

8.3 8.3 8.3 8.3
8.3 8.3 8.3 8.3
8.3 8.3 8.3 8.3
11.1 11.1 11.1 11.1
11.1 11.1 8.3 8.3
8.3 8.3 8.3 8.3

8.3 8.3 8.3 8.3
8.3 8.3 8.3 8.3
8.3 8.3 8.3 8.3
11.1 11.1 11.1 11.1
11.1 11.1 8.3 8.3
8.3 8.3 8.3 8.3

8.3 8.3 8.3 8.3
8.3 8.3 8.3 8.3
8.3 8.3 8.3 8.3
11.1 11.1 11.1 11.1
11.1 11.1 8.3 8.3
8.3 8.3 8.3 8.3

8.3 8.3 8.3 8.3
8.3 8.3 8.3 8.3
8.3 8.3 8.3 8.3
11.1 11.1 11.1 11.1
11.1 11.1 8.3 8.3
8.3 8.3 8.3 8.3

8.3 8.3 8.3 8.3
8.3 8.3 8.3 8.3
8.3 8.3 8.3 8.3
11.1 11.1 11.1 11.1
11.1 11.1 8.3 8.3
8.3 8.3 8.3 8.3

8.3 8.3 8.3 8.3
8.3 8.3 8.3 8.3
8.3 8.3 8.3 8.3
11.1 11.1 11.1 11.1
11.1 11.1 8.3 8.3
8.3 8.3 8.3 8.3

8.3 8.3 8.3 8.3
8.3 8.3 8.3 8.3
8.3 8.3 8.3 8.3
11.1 11.1 11.1 11.1
11.1 11.1 8.3 8.3
8.3 8.3 8.3 8.3

3

8.3 8.3 8.3 8.3
8.3 8.3 8.3 8.3
8.3 8.3 8.3 8.3
11.1 11.1 11.1 11.1
11.1 11.1 8.3 8.3
8.3 8.3 8.3 8.3

8.3 8.3 8.3 8.3
8.3 8.3 8.3 8.3
8.3 8.3 8.3 8.3
11.1 11.1 11.1 11.1
11.1 11.1 8.3 8.3
8.3 8.3 8.3 8.3

8.3 8.3 8.3 8.3
8.3 8.3 8.3 8.3
8.3 8.3 8.3 8.3
11.1 11.1 11.1 11.1
11.1 11.1 8.3 8.3
8.3 8.3 8.3 8.3

8.3 8.3 8.3 8.3
8.3 8.3 8.3 8.3
8.3 8.3 8.3 8.3
11.1 11.1 11.1 11.1
11.1 11.1 8.3 8.3
8.3 8.3 8.3 8.3

8.3 8.3 8.3 8.3
8.3 8.3 8.3 8.3
8.3 8.3 8.3 8.3
11.1 11.1 11.1 11.1
11.1 11.1 8.3 8.3
8.3 8.3 8.3 8.3

8.3 8.3 8.3 8.3
8.3 8.3 8.3 8.3
8.3 8.3 8.3 8.3
11.1 11.1 11.1 11.1
11.1 11.1 8.3 8.3
8.3 8.3 8.3 8.3

8.3 8.3 8.3 8.3
8.3 8.3 8.3 8.3
8.3 8.3 8.3 8.3
11.1 11.1 11.1 11.1
11.1 11.1 8.3 8.3
8.3 8.3 8.3 8.3

4

8.3 8.3 8.3 8.3
8.3 8.3 8.3 8.3
8.3 8.3 8.3 8.3
11.1 11.1 11.1 11.1
11.1 11.1 8.3 8.3
8.3 8.3 8.3 8.3

8.3 8.3 8.3 8.3
8.3 8.3 8.3 8.3
8.3 8.3 8.3 8.3
11.1 11.1 11.1 11.1
11.1 11.1 8.3 8.3
8.3 8.3 8.3 8.3

8.3 8.3 8.3 8.3
8.3 8.3 8.3 8.3
8.3 8.3 8.3 8.3
11.1 11.1 11.1 11.1
11.1 11.1 8.3 8.3
8.3 8.3 8.3 8.3

8.3 8.3 8.3 8.3
8.3 8.3 8.3 8.3
8.3 8.3 8.3 8.3
11.1 11.1 11.1 11.1
11.1 11.1 8.3 8.3
8.3 8.3 8.3 8.3

8.3 8.3 8.3 8.3
8.3 8.3 8.3 8.3
8.3 8.3 8.3 8.3
11.1 11.1 11.1 11.1
11.1 11.1 8.3 8.3
8.3 8.3 8.3 8.3

8.3 8.3 8.3 8.3
8.3 8.3 8.3 8.3
8.3 8.3 8.3 8.3
11.1 11.1 11.1 11.1
11.1 11.1 8.3 8.3
8.3 8.3 8.3 8.3

8.3 8.3 8.3 8.3
8.3 8.3 8.3 8.3
8.3 8.3 8.3 8.3
11.1 11.1 11.1 11.1
11.1 11.1 8.3 8.3
8.3 8.3 8.3 8.3

5

7.9 7.9 7.9 7.9
7.9 7.9 7.9 7.9
7.9 7.9 7.9 7.9
31  31  31  31
31  31  7.9 7.9
7.9 7.9 7.9 7.9

7.9 7.9 7.9 7.9
7.9 7.9 7.9 7.9
7.9 7.9 7.9 7.9
31  31  31  31
31  31  7.9 7.9
7.9 7.9 7.9 7.9

7.9 7.9 7.9 7.9
7.9 7.9 7.9 7.9
7.9 7.9 7.9 7.9
31  31  31  31
31  31  7.9 7.9
7.9 7.9 7.9 7.9

7.9 7.9 7.9 7.9
7.9 7.9 7.9 7.9
7.9 7.9 7.9 7.9
31  31  31  31
31  31  7.9 7.9
7.9 7.9 7.9 7.9

7.9 7.9 7.9 7.9
7.9 7.9 7.9 7.9
7.9 7.9 7.9 7.9
31  31  31  31
31  31  7.9 7.9
7.9 7.9 7.9 7.9

7.9 7.9 7.9 7.9
7.9 7.9 7.9 7.9
7.9 7.9 7.9 7.9
31  31  31  31
31  31  7.9 7.9
7.9 7.9 7.9 7.9

7.9 7.9 7.9 7.9
7.9 7.9 7.9 7.9
7.9 7.9 7.9 7.9
31  31  31  31
31  31  7.9 7.9
7.9 7.9 7.9 7.9

6

7.9 7.9 7.9 7.9
7.9 7.9 7.9 7.9
7.9 7.9 7.9 7.9
31  31  31  31
31  31  7.9 7.9
7.9 7.9 7.9 7.9

7.9 7.9 7.9 7.9
7.9 7.9 7.9 7.9
7.9 7.9 7.9 7.9
31  31  31  31
31  31  7.9 7.9
7.9 7.9 7.9 7.9

7.9 7.9 7.9 7.9
7.9 7.9 7.9 7.9
7.9 7.9 7.9 7.9
31  31  31  31
31  31  7.9 7.9
7.9 7.9 7.9 7.9

7.9 7.9 7.9 7.9
7.9 7.9 7.9 7.9
7.9 7.9 7.9 7.9
31  31  31  31
31  31  7.9 7.9
7.9 7.9 7.9 7.9

7.9 7.9 7.9 7.9
7.9 7.9 7.9 7.9
7.9 7.9 7.9 7.9
31  31  31  31
31  31  7.9 7.9
7.9 7.9 7.9 7.9

7.9 7.9 7.9 7.9
7.9 7.9 7.9 7.9
7.9 7.9 7.9 7.9
31  31  31  31
31  31  7.9 7.9
7.9 7.9 7.9 7.9

7.9 7.9 7.9 7.9
7.9 7.9 7.9 7.9
7.9 7.9 7.9 7.9
31  31  31  31
31  31  7.9 7.9
7.9 7.9 7.9 7.9

7

7.9 7.9 7.9 7.9
7.9 7.9 7.9 7.9
7.9 7.9 7.9 7.9
31  31  31  31
31  31  7.9 7.9
7.9 7.9 7.9 7.9

7.9 7.9 7.9 7.9
7.9 7.9 7.9 7.9
7.9 7.9 7.9 7.9
31  31  31  31
31  31  7.9 7.9
7.9 7.9 7.9 7.9

7.9 7.9 7.9 7.9
7.9 7.9 7.9 7.9
7.9 7.9 7.9 7.9
31  31  31  31
31  31  7.9 7.9
7.9 7.9 7.9 7.9

7.9 7.9 7.9 7.9
7.9 7.9 7.9 7.9
7.9 7.9 7.9 7.9
31  31  31  31
31  31  7.9 7.9
7.9 7.9 7.9 7.9

7.9 7.9 7.9 7.9
7.9 7.9 7.9 7.9
7.9 7.9 7.9 7.9
31  31  31  31
31  31  7.9 7.9
7.9 7.9 7.9 7.9

7.9 7.9 7.9 7.9
7.9 7.9 7.9 7.9
7.9 7.9 7.9 7.9
31  31  31  31
31  31  7.9 7.9
7.9 7.9 7.9 7.9

7.9 7.9 7.9 7.9
7.9 7.9 7.9 7.9
7.9 7.9 7.9 7.9
31  31  31  31
31  31  7.9 7.9
7.9 7.9 7.9 7.9

8

7.9 7.9 7.9 7.9
7.9 7.9 7.9 7.9
7.9 7.9 7.9 7.9
31  31  31  31
31  31  7.9 7.9
7.9 7.9 7.9 7.9

7.9 7.9 7.9 7.9
7.9 7.9 7.9 7.9
7.9 7.9 7.9 7.9
31  31  31  31
31  31  7.9 7.9
7.9 7.9 7.9 7.9

7.9 7.9 7.9 7.9
7.9 7.9 7.9 7.9
7.9 7.9 7.9 7.9
31  31  31  31
31  31  7.9 7.9
7.9 7.9 7.9 7.9

7.9 7.9 7.9 7.9
7.9 7.9 7.9 7.9
7.9 7.9 7.9 7.9
31  31  31  31
31  31  7.9 7.9
7.9 7.9 7.9 7.9

7.9 7.9 7.9 7.9
7.9 7.9 7.9 7.9
7.9 7.9 7.9 7.9
31  31  31  31
31  31  7.9 7.9
7.9 7.9 7.9 7.9

7.9 7.9 7.9 7.9
7.9 7.9 7.9 7.9
7.9 7.9 7.9 7.9
31  31  31  31
31  31  7.9 7.9
7.9 7.9 7.9 7.9

7.9 7.9 7.9 7.9
7.9 7.9 7.9 7.9
7.9 7.9 7.9 7.9
31  31  31  31
31  31  7.9 7.9
7.9 7.9 7.9 7.9

9

7.9 7.9 7.9 7.9
7.9 7.9 7.9 7.9
7.9 7.9 7.9 7.9
31  31  31  31
31  31  7.9 7.9
7.9 7.9 7.9 7.9

7.9 7.9 7.9 7.9
7.9 7.9 7.9 7.9
7.9 7.9 7.9 7.9
31  31  31  31
31  31  7.9 7.9
7.9 7.9 7.9 7.9

7.9 7.9 7.9 7.9
7.9 7.9 7.9 7.9
7.9 7.9 7.9 7.9
31  31  31  31
31  31  7.9 7.9
7.9 7.9 7.9 7.9

7.9 7.9 7.9 7.9
7.9 7.9 7.9 7.9
7.9 7.9 7.9 7.9
31  31  31  31
31  31  7.9 7.9
7.9 7.9 7.9 7.9

7.9 7.9 7.9 7.9
7.9 7.9 7.9 7.9
7.9 7.9 7.9 7.9
31  31  31  31
31  31  7.9 7.9
7.9 7.9 7.9 7.9

7.9 7.9 7.9 7.9
7.9 7.9 7.9 7.9
7.9 7.9 7.9 7.9
31  31  31  31
31  31  7.9 7.9
7.9 7.9 7.9 7.9

7.9 7.9 7.9 7.9
7.9 7.9 7.9 7.9
7.9 7.9 7.9 7.9
31  31  31  31
31  31  7.9 7.9
7.9 7.9 7.9 7.9

10

7.9 7.9 7.9 7.9
7.9 7.9 7.9 7.9
7.9 7.9 7.9 7.9
31  31  31  31
31  31  7.9 7.9
7.9 7.9 7.9 7.9

7.9 7.9 7.9 7.9
7.9 7.9 7.9 7.9
7.9 7.9 7.9 7.9
31  31  31  31
31  31  7.9 7.9
7.9 7.9 7.9 7.9

7.9 7.9 7.9 7.9
7.9 7.9 7.9 7.9
7.9 7.9 7.9 7.9
31  31  31  31
31  31  7.9 7.9
7.9 7.9 7.9 7.9

7.9 7.9 7.9 7.9
7.9 7.9 7.9 7.9
7.9 7.9 7.9 7.9
31  31  31  31
31  31  7.9 7.9
7.9 7.9 7.9 7.9

7.9 7.9 7.9 7.9
7.9 7.9 7.9 7.9
7.9 7.9 7.9 7.9
31  31  31  31
31  31  7.9 7.9
7.9 7.9 7.9 7.9

7.9 7.9 7.9 7.9
7.9 7.9 7.9 7.9
7.9 7.9 7.9 7.9
31  31  31  31
31  31  7.9 7.9
7.9 7.9 7.9 7.9

7.9 7.9 7.9 7.9
7.9 7.9 7.9 7.9
7.9 7.9 7.9 7.9
31  31  31  31
31  31  7.9 7.9
7.9 7.9 7.9 7.9

11

8.3 8.3 8.3 8.3
8.3 8.3 8.3 8.3
8.3 8.3 8.3 8.3
11.1 11.1 11.1 11.1
11.1 11.1 8.3 8.3
8.3 8.3 8.3 8.3

8.3 8.3 8.3 8.3
8.3 8.3 8.3 8.3
8.3 8.3 8.3 8.3
11.1 11.1 11.1 11.1
11.1 11.1 8.3 8.3
8.3 8.3 8.3 8.3

8.3 8.3 8.3 8.3
8.3 8.3 8.3 8.3
8.3 8.3 8.3 8.3
11.1 11.1 11.1 11.1
11.1 11.1 8.3 8.3
8.3 8.3 8.3 8.3

8.3 8.3 8.3 8.3
8.3 8.3 8.3 8.3
8.3 8.3 8.3 8.3
11.1 11.1 11.1 11.1
11.1 11.1 8.3 8.3
8.3 8.3 8.3 8.3

8.3 8.3 8.3 8.3
8.3 8.3 8.3 8.3
8.3 8.3 8.3 8.3
11.1 11.1 11.1 11.1
11.1 11.1 8.3 8.3
8.3 8.3 8.3 8.3

8.3 8.3 8.3 8.3
8.3 8.3 8.3 8.3
8.3 8.3 8.3 8.3
11.1 11.1 11.1 11.1
11.1 11.1 8.3 8.3
8.3 8.3 8.3 8.3

8.3 8.3 8.3 8.3
8.3 8.3 8.3 8.3
8.3 8.3 8.3 8.3
11.1 11.1 11.1 11.1
11.1 11.1 8.3 8.3
8.3 8.3 8.3 8.3

12

8.3 8.3 8.3 8.3
8.3 8.3 8.3 8.3
8.3 8.3 8.3 8.3
11.1 11.1 11.1 11.1
11.1 11.1 8.3 8.3
8.3 8.3 8.3 8.3

8.3 8.3 8.3 8.3
8.3 8.3 8.3 8.3
8.3 8.3 8.3 8.3
11.1 11.1 11.1 11.1
11.1 11.1 8.3 8.3
8.3 8.3 8.3 8.3

8.3 8.3 8.3 8.3
8.3 8.3 8.3 8.3
8.3 8.3 8.3 8.3
11.1 11.1 11.1 11.1
11.1 11.1 8.3 8.3
8.3 8.3 8.3 8.3

8.3 8.3 8.3 8.3
8.3 8.3 8.3 8.3
8.3 8.3 8.3 8.3
11.1 11.1 11.1 11.1
11.1 11.1 8.3 8.3
8.3 8.3 8.3 8.3

8.3 8.3 8.3 8.3
8.3 8.3 8.3 8.3
8.3 8.3 8.3 8.3
11.1 11.1 11.1 11.1
11.1 11.1 8.3 8.3
8.3 8.3 8.3 8.3

8.3 8.3 8.3 8.3
8.3 8.3 8.3 8.3
8.3 8.3 8.3 8.3
11.1 11.1 11.1 11.1
11.1 11.1 8.3 8.3
8.3 8.3 8.3 8.3

8.3 8.3 8.3 8.3
8.3 8.3 8.3 8.3
8.3 8.3 8.3 8.3
11.1 11.1 11.1 11.1
11.1 11.1 8.3 8.3
8.3 8.3 8.3 8.3

0시 부터 24시 까지 kWh당 전기요금(원)

