7
52
55
20
1
55
4
4
68
1
3
5
37
4
35
44
0
15
0
9
58
33
100
27
223
57
12
16
2
3
5
45
5
3
3
0
36
13
10
1
18
56
35
15
96
9
15
36
1
12
9
57
41
9
32
94
33
26
11
23
69
45
8
39
5
22
2
1
5
32
3
40
49
11
5
285
27
42
6
15
17
23
5
12
32
51
0
25
4
8
23
17
25
53
42
6
20
1
13
451
82
17
123
7
63
300
7
163
57
10
105
63
54
66
38
116
8
139
41
8
22
23
7
52
16
22
30
23
270
67
22
11
5
0
2
68
5
9
1
27
0
103
17
86
9
34
3
83
18
47
0
20
33
3
91
4
29
6
3
2
26
6
117
26
2
25
15
12
23
39
28
13
20
25
2
43
190
47
22
46
12
43
17
2
18
28
14
1
95
20
13
60
9
64
108
86
17
82
34
150
1
23
35
2
6
15
77
83
327
2
1
5
145
209
7
68
115
30
69
23
61
43
58
13
17
44
3
5
14
1
7
8
32
33
60
27
3
9
251
7
72
71
25
2
2
28
42
51
86
23
40
72
102
36
17
75
12
69
16
30
15
5
53
8
18
58
44
21
27
58
4
21
157
103
57
2
11
90
17
103
59
32
46
41
88
16
12
1
22
21
85
6
6
23
63
88
51
14
3
52
11
5
32
68
45
9
211
97
2
6
45
59
28
43
80
26
11
124
110
106
42
50
37
23
71
57
12
11
25
12
23
7
53
15
4
241
17
82
26
5
7
48
34
1
90
37
2
6
57
29
62
22
6
0
28
19
11
0
67
72
173
12
15
8
61
2
61
67
103
166
134
27
2
6
2
90
13
17
8
4
31
49
8
82
12
72
13
41
10
6
121
71
7
27
3
26
55
19
19
10
22
44
3
9
91
17
62
192
43
133
3
9
81
77
3
58
78
60
63
3
6
44
8
56
65
67
28
65
5
18
97
6
0
8
15
29
38
0
3
20
19
46
2
73
139
121
7
93
27
33
39
38
66
20
87
71
97
10
14
7
26
110
116
36
2
1
75
2
13
19
46
64
41
230
37
2
36
2
3
57
18
14
1
7
130
3
96
14
4
85
4
17
63
64
128
70
7
12
30
10
39
67
15
4
8
0
3
57
13
49
38
3
143
101
16
17
42
68
23
87
53
72
11
22
66
47
3
14
70
103
73
40
13
116
27
22
81
57
2
58
13
260
27
2
6
2
68
32
23
47
22
31
29
55
23
81
69
1
64
21
7
44
62
24
80
46
46
15
14
46
18
2
3
9
46
24
28
3
340
7
2
6
72
43
29
51
15
32
49
78
25
21
58
8
35
31
10
15
58
149
5
0
31
63
14
13
5
84
41
290
27
32
110
1
17
52
1
67
33
67
6
84
146
2
37
27
42
52
82
37
54
11
63
19
6
2
10
3
80
7
8
22
33
230
7
2
76
14
11
27
62
8
63
100
12
28
22
3
40
11
50
116
20
73
38
7
3
46
2
71
25
22
20
31
45
2
30
12
21
35
32
33
220
27
52
6
52
23
35
45
17
12
125
52
110
57
8
5
4
11
5
40
27
105
23
42
87
47
13
87
323
27
58
4
28
43
57
93
57
136
56
16
8
1
24
0
40
107
67
44
58
6
40
7
12
76
4
8
3
49
58
53
212
18
37
2
6
2
3
97
8
5
10
19
8
63
7
0
12
57
43
4
29
15
35
22
22
17
13
11
140
118
76
36
2
86
2
3
9
31
37
43
30
7
2
6
62
181
2
27
113
7
73
7
63
74
310
63
24
48
46
16
24
54
13
5
23
5
32
43
7
251
47
85
47
2
6
2
80
13
49
68
10
2
103
7
159
45
96
0
10
26
8
41
6
61
2
28
86
12
21
47
8
80
2
2
21
272
8
67
22
1
25
75
27
12
16
35
43
35
3
54
21
161
18
14
10
102
10
40
37
53
38
1
67
2
1
25
82
38
5
47
193
27
113
37
70
22
11
27
161
20
110
45
1
6
8
6
7
22
11
28
45
24
29
29
56
30
55
17
4
24
2
2
38
23
19
28
73
270
27
42
60
6
12
23
65
15
9
37
33
65
17
11
7
22
46
10
85
96
26
5
76
195
17
12
6
85
17
12
41
154
66
47
22
26
45
77
63
57
3
174
25
117
28
15
42
103
35
69
39
8
45
70
7
63
27
243
17
68
4
1
7
60
13
19
118
12
1
5
138
8
90
10
15
0
19
97
22
69
28
45
74
10
19
8
17
13
3
5
44
21
5
32
22
18
13
45
15
127
17
19
57
6
41
103
9
38
63
17
12
92
6
44
7
31
45
35
18
92
67
53
24
9
66
71
8
63
57
33
310
30
67
2
21
47
33
27
2
61
45
8
61
28
71
61
69
8
24
199
44
13
38
11
60
7
38
24
18
63
47
13
149
81
57
12
6
2
3
50
17
30
12
51
70
99
10
37
9
18
47
42
30
5
59
113
15
22
4
137
2
9
7
82
2
11
0
57
13
5
34
21
172
78
57
2
81
57
28
4
61
24
58
129
11
36
45
4
28
6
17
23
7
22
100
33
44
40
23
19
60
8
83
60
210
27
113
17
83
110
72
20
110
3
17
81
6
39
5
12
1
7
7
6
237
4
13
19
78
2
16
25
77
43
139
101
65
2
0
2
100
1
177
29
0
30
84
61
26
21
8
42
71
2
15
94
78
19
13
9
6
52
8
12
12
41
35
2
42
18
13
280
7
2
70
11
57
33
191
0
37
6
52
10
96
60
8
37
24
11
12
46
8
112
7
2
0
23
48
9
58
42
11
67
203
77
2
91
27
53
9
38
33
108
7
129
14
4
43
35
92
76
20
8
15
14
67
59
9
5
4
91
7
58
4
234
77
37
12
21
107
73
154
8
2
131
5
38
4
1
45
19
81
7
8
0
23
11
39
37
54
62
6
2
23
7
13
70
19
6
2
0
43
144
101
25
45
2
0
2
76
25
27
32
51
87
81
6
175
22
6
10
5
2
123
9
26
59
33
36
19
16
12
0
63
5
12
20
23
0
15
0
4
48
3
297
3
9
48
60
3
60
27
33
95
64
23
169
38
161
170
37
103
184
126
47
2
6
35
29
48
13
59
21
23
39
35
7
117
10
96
13
8
4
25
103
26
88
46
35
2
28
2
2
8
23
47
23
5
32
22
51
297
3
9
108
28
4
1
7
73
24
46
16
44
31
44
30
175
46
30
16
17
57
0
84
17
18
12
13
9
86
22
10
43
143
77
27
68
4
1
7
10
13
37
20
2
100
11
17
80
2
5
28
82
106
27
6
15
42
101
60
139
70
7
90
53
307
2
1
5
70
2
13
39
31
41
26
99
29
9
116
7
92
7
94
75
19
73
5
27
8
43
17
18
82
8
4
1
60
160
120
47
42
1
97
12
26
15
7
22
8
9
26
36
83
10
6
26
125
20
13
29
28
10
13
11
11
5
19
30
36
17
79
21
5
70
2
23
39
222
16
53
110
47
113
221
11
83
139
24
27
34
31
46
55
1
38
17
12
51
27
8
4
81
67
3
210
87
2
1
77
22
31
39
8
63
91
6
12
20
6
48
42
15
133
130
17
9
15
7
2
39
9
60
14
34
8
10
3
57
12
38
8
42
184
39
20
67
2
1
5
0
2
23
50
15
14
270
14
65
48
112
86
114
6
55
48
3
60
29
38
23
37
239
81
3
67
22
11
87
23
131
4
11
12
58
2
159
8
70
113
3
50
26
13
29
9
9
18
62
3
27
12
46
24
18
3
186
45
59
17
2
6
2
73
9
6
22
70
13
65
75
20
26
33
13
159
51
73
12
60
90
50
32
1
27
8
55
19
58
3
310
5
2
0
2
108
20
3
5
14
61
69
104
1
31
126
11
14
70
41
22
11
83
6
58
3
9
51
57
33
350
37
32
6
5
67
53
110
62
26
12
2
33
139
64
8
50
51
9
45
7
6
42
3
10
81
9
26
2
3
7
28
35
20
25
12
12
8
53
7
203
87
8
2
2
68
3
60
17
72
1
80
15
45
46
30
79
33
2
138
110
7
30
22
112
31
7
72
28
23
150
70
7
88
4
28
3
160
67
31
29
13
53
80
27
69
160
85
45
6
10
2
20
3
29
48
18
5
20
17
12
11
67
213
97
2
6
2
3
99
51
70
71
28
11
100
25
10
16
45
14
54
48
39
35
40
24
110
27
32
28
83
7
60
193
107
2
1
0
5
2
48
3
27
44
11
10
17
8
2
33
10
9
6
14
46
39
16
48
76
1
143
1
31
38
54
53
7
21
12
52
43
49
60
11
7
80
3
152
28
127
2
1
97
73
17
89
39
156
39
179
63
69
21
28
37
2
81
17
2
121
9
157
24
67
12
26
42
3
19
6
62
73
71
113
73
14
2
47
54
19
5
10
84
26
36
32
35
66
33
5
4
28
10
3
10
90
5
197
24
44
7
88
4
8
3
90
70
37
71
22
70
63
22
27
138
8
150
33
1
14
34
29
0
30
48
3
35
12
10
48
14
28
10
3
138
282
107
58
39
50
7
2
55
109
4
48
12
45
1
115
127
28
2
1
5
2
13
107
13
9
6
2
53
236
34
37
2
6
15
77
2
80
11
33
218
2
76
50
105
6
35
37
6
15
25
99
48
12
12
1
69
8
58
4
11
27
213
79
6
2
23
37
22
11
110
93
6
97
53
83
21
72
6
2
56
171
7
12
96
2
2
11
60
37
83
189
31
7
22
16
2
23
107
22
21
47
7
111
14
18
17
95
75
8
15
18
18
71
49
8
56
33
4
15
48
8
12
3
9
11
27
62
6
35
47
238
32
3
19
16
110
12
3
270
71
3
31
110
141
36
0
18
90
17
2
6
12
23
30
29
8
8
22
68
14
8
3
173
127
7
70
60
23
67
97
78
76
1
71
18
12
126
34
28
11
26
55
55
2
12
1
17
38
35
37
32
21
290
17
22
1
5
2
58
15
30
80
122
2
56
2
124
23
11
27
64
2
56
29
74
128
17
2
108
328
25
17
32
31
37
43
29
8
58
12
13
29
22
11
10
3
51
20
8
29
35
11
85
128
32
7
48
22
89
67
32
6
5
55
14
38
205
58
87
83
130
7
12
68
28
69
57
33
23
45
27
4
2
24
14
61
126
5
6
22
26
28
3
25
65
17
22
6
60
5
300
45
2
2
41
19
26
52
2
11
69
8
3
65
2
13
50
6
2
0
22
43
6
68
29
91
10
67
56
0
125
32
12
11
117
207
96
27
32
6
62
43
9
101
17
66
42
109
69
25
69
27
9
84
21
8
6
4
3
62
109
57
2
71
90
277
0
2
1
0
5
0
72
8
12
2
21
47
13
93
15
22
10
23
14
0
46
31
146
130
4
106
57
12
11
69
51
27
2
68
13
146
124
7
32
6
62
12
1
25
2
70
53
50
1
94
24
18
1
25
1
4
152
28
52
90
98
19
9
14
19
6
12
68
45
7
2
28
58
209
36
17
73
67
52
11
7
52
37
24
17
100
131
24
20
102
78
92
6
39
68
13
9
110
31
151
49
7
32
66
2
2
1
0
37
60
33
87
2
6
43
23
97
38
13
79
9
40
27
11
58
104
75
14
24
79
6
2
10
13
90
37
231
62
7
12
6
65
5
42
83
143
10
7
10
253
44
39
55
119
10
49
6
32
0
3
50
37
8
14
41
17
142
148
2
1
0
5
0
2
58
82
3
19
58
30
128
39
1
30
43
13
29
5
40
223
89
8
1
3
48
13
47
23
37
43
220
97
0
2
6
25
65
22
2
21
67
67
177
12
37
19
3
41
73
67
92
6
2
4
58
32
13
9
60
1
57
23
87
203
27
123
17
52
21
67
68
70
20
29
23
15
18
35
18
1
34
29
22
12
37
139
25
7
20
91
17
12
6
105
7
283
17
12
56
35
7
32
28
52
21
107
25
7
20
25
29
13
95
3
16
34
45
46
37
132
34
39
32
16
2
3
7
3
5
3
3
74
15
27
2
31
7
273
80
17
42
21
59
48
23
63
92
23
33
75
14
31
25
71
39
79
11
17
3
25
5
11
73
17
73
100
270
17
2
26
2
100
12
1
80
27
73
6
138
6
17
5
117
12
47
128
5
38
17
60
43
11
17
8
45
65
4
8
33
250
7
12
16
32
43
37
8
15
9
118
55
43
7
7
48
191
14
74
14
57
45
23
37
23
2
2
8
23
27
28
4
28
43
15
34
41
7
263
47
2
6
65
25
12
20
22
51
97
17
27
125
158
4
33
5
192
16
3
33
57
83
290
7
15
108
117
3
45
4
52
11
32
16
27
4
128
49
16
11
19
15
34
8
14
40
173
29
13
47
42
6
5
89
28
23
220
67
22
1
5
42
82
1
17
42
31
97
7
13
7
7
6
24
17
75
7
65
9
24
42
11
29
38
79
34
26
30
43
9
6
22
10
3
25
35
37
12
6
5
17
313
37
73
17
80
2
11
117
33
31
2
131
160
95
38
190
2
1
87
23
250
7
82
6
5
57
22
21
57
33
63
67
48
37
37
192
43
48
4
39
67
1
43
21
107
2
1
90
7
165
29
109
7
8
2
2
1
89
1
10
7
8
12
38
25
7
22
71
14
29
29
57
26
1
18
22
29
18
109
65
25
16
68
13
23
9
13
21
2
32
1
47
48
25
59
21
260
17
32
120
1
5
2
72
38
136
10
9
64
42
103
73
7
8
10
103
108
17
22
6
5
117
2
21
37
283
27
103
197
19
57
38
3
39
104
57
23
14
13
3
7
87
10
13
29
84
62
6
5
7
48
14
41
7
8
52
110
163
7
2
6
2
60
52
18
13
5
57
4
46
33
22
5
116
1
138
72
8
64
41
66
39
60
22
6
15
17
63
25
65
126
124
47
2
6
2
53
17
30
8
4
198
25
66
1
16
189
144
54
79
8
30
21
57
12
41
17
53
129
99
52
7
22
6
45
49
18
70
3
98
2
34
30
93
1
9
1
49
45
2
15
42
13
14
24
4
84
73
24
23
15
52
3
19
18
110
23
159
111
17
42
58
22
31
15
32
48
24
20
60
48
1
7
30
13
6
8
3
204
53
21
2
14
54
114
32
21
67
33
87
150
133
7
22
6
55
9
78
3
9
73
35
56
37
9
10
50
113
150
45
19
67
24
22
58
13
65
2
10
3
19
1
35
62
283
7
22
16
35
87
13
5
14
3
42
29
48
20
57
41
128
6
5
85
17
56
126
15
22
6
22
13
20
5
30
5
27
20
22
56
5
0
27
193
7
31
11
6
85
19
8
33
162
5
81
18
57
42
23
130
49
14
177
18
31
93
70
7
293
6
11
22
36
2
3
27
42
11
10
15
2
63
17
79
45
102
9
58
24
3
17
63
72
19
43
60
99
29
6
2
20
23
0
19
28
50
8
45
252
18
170
17
12
6
65
27
2
80
54
52
41
12
1
24
13
62
88
4
54
105
91
7
22
41
87
12
331
17
2
86
2
2
1
79
28
33
10
71
191
40
37
2
24
40
7
11
29
22
12
3
81
21
29
17
28
2
12
1
0
25
13
67
15
7
22
1
5
2
23
7
38
175
7
122
11
37
12
58
53
110
42
73
10
82
7
17
21
104
221
28
14
6
2
10
13
57
18
5
29
78
33
200
7
12
66
2
3
20
67
2
61
7
89
95
23
1
19
26
160
38
32
133
237
110
260
47
2
36
24
11
27
53
60
48
31
3
11
38
26
34
29
133
15
35
1
21
18
2
4
33
22
18
64
21
32
10
78
28
32
12
1
247
103
27
12
36
12
32
18
23
7
72
6
32
10
9
11
3
26
6
23
70
105
41
5
22
8
42
22
33
19
26
13
15
50
22
89
30
43
17
2
88
43
270
57
22
71
17
93
97
25
50
116
100
4
1
9
12
29
98
33
30
0
64
21
31
89
26
2
3
27
28
12
23
310
67
12
61
25
24
36
12
29
50
27
229
39
15
80
1
0
55
122
35
30
1
5
2
23
47
28
15
29
41
17
213
37
52
6
25
37
8
22
32
21
27
3
27
0
30
48
10
116
40
12
7
32
38
67
37
65
21
1
149
7
58
4
61
17
53
70
180
27
82
6
2
3
10
27
32
31
70
34
13
13
115
45
32
104
76
28
54
39
56
121
67
2
88
13
90
170
97
2
11
89
11
7
113
5
71
9
120
9
5
9
1
7
2
83
74
39
11
30
6
53
31
64
8
8
64
28
18
2
3
39
46
255
110
7
2
16
124
1
25
2
20
22
16
27
76
7
25
121
2
286
6
16
66
23
47
12
26
2
3
17
12
41
27
32
18
3
305
2
2
1
70
37
8
34
11
35
31
97
17
1
133
12
24
12
21
23
18
13
3
49
133
52
2
24
59
1
15
2
0
33
20
29
11
37
8
22
63
103
177
107
13
120
77
11
7
127
279
26
13
23
1
93
2
21
37
22
11
15
104
11
7
243
67
8
4
21
60
27
63
47
49
52
44
11
82
26
21
25
9
48
26
51
54
18
70
0
20
18
78
41
5
32
32
38
190
123
47
2
6
2
78
25
7
20
28
4
28
11
9
20
27
55
35
98
37
100
25
5
34
8
36
47
24
72
17
12
11
22
55
13
7
2
36
22
62
11
17
293
17
83
17
133
40
98
117
8
18
2
57
14
34
54
89
19
0
120
9
18
18
105
47
13
154
106
0
67
2
6
15
89
41
119
135
34
0
33
3
18
12
7
3
37
26
68
24
32
3
46
19
29
37
11
33
41
39
8
62
21
27
63
190
17
12
86
2
0
3
9
11
59
36
110
64
73
78
58
27
157
3
57
21
87
67
23
9
6
104
8
23
37
123
100
37
42
60
6
22
3
49
66
22
32
30
5
30
49
91
37
21
9
3
17
194
135
7
12
6
2
13
25
22
70
3
15
24
21
250
17
72
1
67
32
51
7
12
6
67
64
1
10
16
85
136
0
82
75
22
8
37
111
8
102
11
7
52
31
270
3
14
32
6
82
0
13
0
5
64
11
17
38
2
23
54
59
30
68
62
46
40
52
31
3
37
12
18
138
7
12
91
27
93
27
135
89
39
37
23
97
3
67
2
117
31
78
20
2
26
89
18
41
6
78
46
38
17
3
51
79
26
12
53
45
24
21
17
220
3
19
98
33
9
101
47
47
65
34
18
48
43
23
84
8
19
9
119
5
11
1
19
50
50
57
2
8
8
74
6
5
27
0
273
27
82
21
37
123
47
62
98
4
14
13
50
0
21
31
11
104
28
29
82
42
2
22
7
9
21
22
31
15
2
40
32
81
5
2
169
104
47
2
36
24
11
70
27
71
98
109
16
24
53
1
51
1
76
21
2
9
2
18
3
42
96
57
13
5
4
100
51
250
17
90
2
51
5
12
12
8
53
35
126
34
40
64
93
13
30
1
86
238
147
13
80
200
7
2
5
31
42
3
10
65
12
2
31
97
3
52
104
28
28
33
17
75
29
61
95
62
2
1
80
28
2
2
11
60
37
3
45
2
2
51
210
13
13
79
2
0
2
61
10
7
28
22
20
12
31
238
62
7
41
33
27
29
67
51
83
69
3
29
6
22
23
79
8
38
14
1
136
124
27
22
100
1
100
146
61
71
36
75
76
72
19
29
59
45
16
5
7
30
62
6
45
100
220
67
33
137
2
1
60
175
78
8
11
12
35
11
34
15
29
2
83
32
1
25
1
75
18
19
16
47
2
16
2
42
51
310
7
48
4
31
17
20
40
32
26
35
44
29
35
67
3
21
6
7
40
74
15
51
11
64
29
6
65
113
17
12
16
12
103
17
2
71
220
37
48
4
31
7
18
84
18
3
45
12
3
39
13
201
25
82
21
0
230
69
17
12
6
64
36
15
7
63
210
107
12
1
67
53
7
2
51
39
10
0
177
36
11
8
122
30
46
37
7
23
70
15
29
19
26
22
13
17
3
15
34
21
30
7
63
126
94
87
83
60
17
12
60
8
58
16
19
50
30
46
26
90
8
145
26
111
15
42
11
5
55
17
72
16
32
23
105
56
60
29
17
22
70
51
27
153
31
26
80
4
9
41
16
15
20
41
8
92
177
27
12
6
22
3
77
3
59
6
201
44
7
112
6
2
0
23
10
19
51
0
5
14
58
43
74
1
4
16
109
21
169
41
19
173
1
79
12
1
77
52
11
250
27
62
6
12
0
3
10
65
2
12
71
7
12
26
102
12
10
112
77
55
2
90
209
13
42
28
3
29
68
33
240
37
2
56
12
13
49
6
12
42
11
37
33
28
14
89
1
50
83
4
2
79
8
12
28
35
19
14
14
11
0
86
17
36
4
36
100
17
93
300
60
70
77
3
9
99
33
63
46
68
17
40
41
130
12
9
4
21
46
12
22
10
15
53
5
22
10
58
14
51
47
138
32
43
47
103
107
13
67
3
78
16
36
47
76
23
2
123
15
173
17
59
12
8
12
2
11
7
23
15
14
6
2
3
60
5
2
60
3
230
67
3
90
27
33
77
59
31
21
12
8
30
9
57
43
32
78
9
277
47
57
2
6
94
1
181
49
42
75
33
57
43
9
8
58
80
18
1
72
133
12
19
18
63
36
4
42
0
6
53
20
49
11
45
32
16
15
57
253
50
51
3
3
32
26
2
43
17
70
53
27
12
68
34
42
22
8
40
80
17
2
99
22
4
9
36
33
2
29
43
42
9
89
1
5
32
42
71
260
37
2
98
3
140
111
6
65
12
30
102
6
23
40
21
23
95
15
24
84
2
6
25
27
40
8
35
0
29
18
30
3
357
2
1
5
2
113
17
93
59
95
50
72
13
1
7
101
30
1
20
1
180
70
27
32
16
62
3
5
4
51
9
241
17
42
38
53
27
60
42
21
123
44
57
99
52
37
7
34
18
38
34
12
20
1
10
39
22
53
15
4
18
50
23
25
22
33
217
3
15
4
108
2
11
25
2
68
15
57
12
77
138
66
155
41
16
0
108
6
54
17
62
1
97
73
180
17
35
57
11
5
2
30
43
27
0
8
14
61
39
37
75
81
59
37
3
0
56
26
2
12
36
55
23
128
6
38
36
26
2
23
85
14
18
33
299
1
7
53
47
83
15
4
28
47
47
61
51
2
110
41
80
28
40
72
42
42
35
2
2
80
18
33
60
230
6
21
102
11
7
28
25
7
50
13
5
14
49
58
21
26
8
54
6
44
24
25
5
55
71
10
7
88
112
27
28
8
25
39
38
22
61
210
57
2
56
2
32
1
67
18
55
9
16
29
92
33
35
36
32
138
81
84
94
11
27
12
6
2
13
105
5
7
22
51
139
171
7
2
6
114
18
23
177
27
10
7
51
113
37
176
8
21
13
34
32
21
110
2
1
127
3
270
7
12
16
2
3
5
54
26
12
13
7
2
1
90
27
43
75
34
23
119
26
17
22
29
14
8
57
110
8
1
7
10
20
59
1
7
30
38
34
21
17
10
32
18
3
135
16
59
57
42
6
32
33
35
4
66
32
33
71
191
16
16
42
30
35
15
118
41
65
7
12
16
82
33
29
41
57
106
77
7
102
18
3
100
7
83
72
79
153
10
79
4
18
5
64
10
42
90
20
24
10
39
8
3
5
12
62
38
8
2
32
11
240
7
100
63
57
13
151
16
24
72
17
21
36
100
46
33
4
12
25
15
61
22
64
6
12
3
55
2
73
9
18
60
33
280
15
2
2
116
2
3
49
31
17
8
105
99
18
8
6
97
23
37
23
8
8
10
13
95
102
80
3
9
88
2
71
140
27
23
115
2
2
31
67
22
81
95
94
29
10
174
42
38
10
28
113
3
21
68
4
8
13
47
60
22
21
17
203
47
68
4
11
67
33
60
19
18
48
51
52
93
17
196
7
81
117
8
12
6
15
7
33
5
32
62
11
5
2
3
290
65
2
0
2
1
5
3
12
59
9
9
23
29
26
12
20
2
73
7
82
17
182
41
29
59
53
7
25
14
6
66
37
23
49
18
43
290
27
12
68
3
5
4
28
23
7
50
204
25
18
34
24
17
103
12
106
74
77
86
3
89
8
3
79
8
192
3
58
7
72
6
25
47
33
9
68
73
120
15
22
70
43
8
5
42
9
10
44
51
5
50
17
32
33
22
27
32
52
1
27
18
65
297
3
12
67
6
2
10
33
37
28
15
87
51
47
28
30
48
26
60
4
118
142
13
100
13
2
6
32
42
31
37
28
55
230
5
4
68
2
6
2
3
87
50
23
196
14
85
9
6
246
28
48
17
1
37
3
59
8
8
22
3
30
5
80
2
2
8
43
190
37
12
76
2
3
15
4
1
27
33
97
3
9
25
41
41
5
48
9
15
44
6
37
5
27
256
121
12
3
18
47
16
12
3
17
60
50
23
230
37
32
68
3
29
6
32
72
21
70
43
19
8
5
50
22
26
37
5
5
72
3
137
198
27
113
17
83
130
100
37
2
60
41
37
2
101
137
34
77
29
17
0
3
79
24
4
39
14
56
19
122
56
45
2
2
81
27
233
87
18
2
2
1
10
85
4
38
0
43
26
51
35
4
21
12
23
28
1
18
45
9
25
9
35
11
8
48
11
63
32
12
8
2
86
46
40
6
15
17
50
82
1
5
55
169
41
107
2
31
170
56
70
18
35
149
259
63
28
1
0
18
38
12
2
8
3
77
18
12
32
291
37
2
68
2
31
67
33
29
91
2
13
10
191
22
29
16
7
14
27
39
64
14
53
59
47
12
80
21
27
283
27
32
36
2
20
22
21
77
43
107
38
3
102
13
10
50
1
34
1
9
36
46
51
13
38
5
10
110
11
11
8
13
1
89
19
6
2
73
7
163
150
17
2
6
32
3
20
9
51
15
2
10
22
106
15
7
21
12
17
137
84
46
72
138
17
36
2
78
8
34
1
97
33
133
97
17
80
60
3
140
146
32
1
14
155
1
18
14
52
94
7
36
7
31
11
21
59
16
82
12
1
120
127
5
88
77
12
16
5
75
42
3
7
2
56
57
128
26
140
21
1
14
94
6
36
25
32
52
13
7
27
31
35
9
18
8
55
5
382
3
19
128
3
59
6
12
45
97
8
41
15
88
8
6
21
112
24
57
6
2
46
35
9
32
31
5
2
90
18
4
41
25
225
37
7
15
6
22
63
25
4
18
13
25
22
62
18
6
109
34
17
28
131
92
52
30
8
13
66
46
21
15
22
33
37
8
34
1
90
156
134
37
22
61
37
43
76
114
21
2
9
16
11
136
21
67
25
135
28
26
37
53
13
9
118
23
270
47
18
2
2
21
57
80
2
11
49
47
26
98
28
55
62
23
7
55
12
94
4
49
1
38
1
60
1
37
22
11
25
54
31
7
8
315
37
2
6
2
3
90
17
32
62
110
8
12
55
43
56
46
126
2
18
76
9
13
33
52
37
8
2
53
17
10
2
1
75
5
40
7
233
7
72
6
2
13
57
28
4
11
107
14
41
44
97
267
45
65
80
27
42
41
70
9
8
303
17
22
16
2
43
29
8
28
65
47
178
6
59
4
35
24
92
85
89
54
47
17
2
6
85
60
17
43
135
7
98
7
32
6
32
3
50
10
15
12
8
24
28
48
15
5
15
7
23
7
39
15
109
43
38
9
123
67
30
15
18
4
65
47
21
47
62
1
25
2
33
69
21
190
7
72
6
2
63
87
13
121
20
5
127
0
23
13
19
28
14
37
22
81
7
1
43
51
105
13
39
6
2
10
3
130
250
57
52
8
3
5
125
115
66
10
85
16
88
39
22
106
22
37
128
12
23
26
5
37
12
76
202
43
57
12
46
35
69
6
2
33
97
3
31
104
35
90
10
98
2
33
26
57
50
21
42
14
1
43
83
27
100
43
180
17
2
6
2
13
80
9
11
7
0
28
32
42
26
15
49
24
107
28
1
100
17
22
53
22
73
142
42
27
32
70
6
12
10
3
69
226
65
7
92
8
23
170
80
8
1
7
78
11
39
21
86
28
21
3
45
20
67
5
119
8
13
110
9
8
73
19
8
263
27
18
2
2
48
40
28
5
47
32
63
11
67
20
8
15
34
12
8
46
0
191
15
19
19
2
19
49
83
99
6
2
0
3
10
75
4
31
330
7
163
7
52
6
90
12
20
66
18
14
23
48
100
14
13
72
24
108
8
4
11
67
2
26
5
27
33
27
263
17
25
77
18
3
150
60
104
36
39
41
77
1
24
15
63
25
29
14
116
33
52
16
4
11
17
0
42
28
48
25
156
2
69
3
109
6
2
3
27
42
66
4
11
27
32
83
19
16
3
19
13
0
30
6
29
36
10
28
86
179
107
16
5
63
3
15
62
2
21
70
190
17
22
98
33
57
12
26
2
3
63
7
51
36
78
41
78
35
15
8
4
81
12
70
62
126
12
11
25
32
63
19
28
13
184
33
3
89
11
57
13
9
70
28
72
25
26
61
144
8
50
91
1
55
94
30
13
22
36
54
11
27
18
233
152
17
68
4
11
87
18
14
31
7
42
52
24
27
75
49
32
20
8
11
91
28
20
13
51
50
24
16
28
42
37
22
1
89
31
156
61
3
19
131
37
83
131
11
9
121
8
3
64
71
63
42
12
7
16
109
33
29
18
23
45
2
22
71
9
202
109
55
2
2
80
11
17
28
24
60
7
29
91
25
52
2
10
9
23
14
6
66
29
78
13
86
137
1
3
49
26
5
7
82
21
17
148
75
7
22
118
3
49
28
53
7
34
98
21
50
32
12
86
103
70
90
20
40
14
8
4
31
47
32
31
15
32
22
178
113
57
12
6
65
15
75
17
60
162
8
74
54
8
5
39
19
46
8
14
0
59
36
16
78
57
7
2
148
3
360
7
52
71
17
62
6
68
23
70
4
3
7
15
9
32
22
13
49
4
21
64
30
33
11
11
12
36
29
109
7
42
31
97
3
330
17
2
26
2
3
40
7
12
121
9
18
97
50
10
5
74
17
12
151
70
132
28
4
42
16
25
9
18
48
95
200
47
22
56
5
9
38
68
35
17
101
32
55
7
13
26
4
18
54
10
9
214
10
4
28
52
85
8
8
25
110
7
12
246
35
17
78
2
2
1
87
2
51
80
7
78
22
24
1
10
18
20
18
65
84
82
23
86
10
26
65
20
26
5
7
20
3
5
24
11
50
35
24
31
131
129
47
2
6
72
3
69
16
75
89
30
28
15
7
35
71
32
161
24
77
11
2
85
42
21
77
13
255
95
27
2
6
2
70
20
3
29
36
53
135
46
6
115
7
69
8
164
10
24
58
67
3
9
46
5
7
12
1
65
5
17
10
12
1
35
245
7
22
11
5
0
2
1
80
7
4
1
15
12
73
186
34
77
137
30
51
13
5
10
110
23
8
31
4
1
17
80
2
41
37
191
62
7
10
22
16
84
8
13
60
57
23
94
37
56
37
145
11
13
27
2
11
40
24
28
24
117
1
20
100
3
100
169
11
60
97
2
11
45
2
22
8
3
97
3
49
17
189
8
24
10
52
204
35
79
33
47
22
26
15
75
2
22
31
151
69
67
18
2
2
1
80
10
15
2
10
52
38
33
173
11
15
19
31
13
20
6
58
15
160
7
24
95
52
16
2
13
85
12
0
32
31
230
17
62
6
2
3
7
13
47
42
28
43
25
13
39
40
19
35
40
36
11
158
16
77
43
31
28
98
6
2
3
37
80
13
29
48
12
1
158
72
140
47
93
104
21
16
88
68
42
34
14
128
124
15
41
4
21
57
8
4
11
45
70
5
9
8
128
172
2
1
5
2
68
52
8
2
22
1
59
25
102
44
23
20
54
34
35
17
5
70
9
59
14
2
79
46
60
2
71
5
12
72
28
13
230
7
12
71
37
33
47
33
67
23
81
106
41
17
21
18
25
38
43
121
80
46
3
130
249
30
71
9
68
8
2
2
41
29
41
27
70
22
11
27
22
52
51
87
63
14
37
3
14
21
137
55
27
37
43
9
6
12
0
3
99
6
5
17
13
7
193
20
117
3
69
6
2
0
3
85
2
22
41
97
65
25
92
63
173
23
43
32
4
43
37
22
11
5
114
18
23
125
85
95
2
2
1
7
33
29
31
7
60
120
44
53
36
51
14
157
159
56
63
7
2
16
85
7
32
38
13
210
37
2
36
22
3
40
27
8
2
42
51
17
43
28
51
57
39
43
9
13
83
33
19
8
20
180
7
47
21
15
2
12
13
9
56
22
13
70
7
283
7
120
3
19
70
41
89
67
87
8
0
24
22
19
19
191
66
107
6
0
2
0
13
5
85
30
29
6
2
293
17
2
90
1
27
120
13
122
53
35
49
44
4
77
4
8
0
39
108
2
55
100
17
32
26
5
59
38
13
240
97
10
2
1
5
0
3
2
50
77
23
67
44
41
31
12
13
63
5
59
20
58
24
23
38
128
30
25
46
28
0
2
3
9
11
17
103
15
52
203
47
62
61
7
42
6
5
80
69
92
16
39
172
62
3
15
67
71
3
58
3
19
88
3
140
270
49
8
43
35
12
12
11
7
90
53
5
16
20
31
43
51
20
35
3
14
52
66
11
23
47
70
14
3
103
12
36
2
33
67
3
25
2
2
58
2
117
84
107
63
80
70
67
74
3
40
55
21
12
172
11
32
20
34
26
93
17
22
21
55
15
17
22
70
1
220
17
82
6
2
3
7
23
19
71
139
59
49
117
74
2
72
34
38
80
8
14
26
17
28
43
35
24
8
0
43
29
6
52
203
7
102
6
2
13
27
22
6
72
0
13
0
5
54
118
101
14
15
28
42
2
28
14
103
73
91
37
14
81
7
2
91
17
223
37
92
11
57
60
22
11
67
3
45
23
9
2
105
5
147
72
31
103
15
120
12
16
5
37
43
39
6
2
78
5
180
37
12
56
2
33
37
42
1
67
22
11
30
32
93
29
60
51
156
47
56
6
7
25
6
26
13
10
23
5
24
31
75
12
32
51
210
37
42
78
2
11
57
43
51
114
3
8
37
20
19
23
9
32
84
33
26
1
13
38
30
19
17
68
2
92
31
67
3
9
81
37
231
82
7
103
7
12
71
31
8
151
33
25
46
39
30
4
20
84
50
80
44
53
0
2
2
18
7
12
38
28
4
58
12
1
192
0
168
5
2
2
111
7
73
40
171
80
25
32
36
3
68
97
9
10
8
5
65
61
17
2
16
42
32
1
35
22
293
57
18
4
1
97
3
100
118
65
38
156
11
31
80
54
52
65
37
2
16
22
3
85
5
19
8
53
200
7
98
2
2
31
27
8
34
61
107
77
13
131
71
20
18
40
36
137
70
9
16
5
7
10
8
84
21
5
22
62
211
87
2
6
2
3
5
3
12
69
26
35
7
83
60
66
40
76
28
83
35
155
0
32
45
21
59
47
22
41
29
48
22
134
57
87
12
6
2
13
37
18
44
18
13
29
8
40
8
2
2
11
69
38
63
56
56
20
44
3
4
42
10
26
39
4
22
16
22
126
9
28
123
37
253
77
0
2
6
5
60
27
63
7
53
17
145
36
22
145
68
136
100
20
21
39
26
2
3
57
2
36
15
9
38
213
37
133
77
3
57
119
24
34
1
50
2
163
16
33
22
66
49
14
10
27
33
10
15
2
20
42
26
22
33
35
4
28
203
17
90
2
11
99
11
15
12
22
41
19
8
68
19
91
17
10
123
10
33
46
31
67
55
14
1
55
2
11
5
52
22
11
35
385
35
2
0
2
21
97
30
3
19
16
57
78
3
93
30
69
147
41
15
157
12
12
76
5
17
62
6
42
13
127
83
120
47
13
29
18
38
74
1
45
60
22
73
16
87
49
68
50
26
51
2
90
16
12
33
9
6
22
98
2
2
1
260
97
2
6
25
45
2
22
1
47
23
69
29
14
23
94
21
12
126
26
37
111
8
97
22
11
35
12
13
5
12
3
29
91
9
21
250
87
12
31
70
57
23
137
10
170
128
10
54
52
73
50
14
2
2
5
13
10
5
12
30
1
7
25
9
56
2
8
15
186
91
3
69
6
65
17
2
106
12
3
9
89
54
112
7
133
69
37
78
54
15
20
8
14
6
54
11
69
8
80
13
112
88
37
32
26
74
1
15
12
110
6
18
25
28
47
17
21
0
74
37
30
5
11
61
40
2
42
30
9
122
23
5
32
47
6
15
27
363
80
5
2
0
2
86
2
63
17
113
53
38
22
394
93
7
18
4
18
3
90
0
37
12
61
247
3
29
26
44
36
12
20
3
79
18
14
266
16
12
7
5
6
18
75
28
38
3
45
18
30
68
15
24
12
0
3
0
5
24
71
7
82
8
3
186
44
27
73
87
22
11
105
0
34
18
14
1
81
24
54
73
72
139
2
33
31
21
28
5
4
58
42
21
15
42
313
37
42
6
15
47
32
71
175
2
44
2
203
14
144
5
101
17
80
32
6
5
17
110
2
31
128
62
27
22
80
1
37
8
75
19
6
12
30
51
71
42
5
6
37
168
23
19
24
7
16
71
26
28
4
5
27
38
10
5
27
42
6
5
27
43
20
35
215
115
2
2
41
65
266
7
3
21
60
7
19
52
22
83
21
10
69
123
29
22
1
5
12
153
176
64
150
7
12
111
47
13
88
6
8
68
10
24
1
27
47
50
37
122
27
2
21
25
57
44
81
2
2
18
13
59
1
27
233
23
24
52
6
2
53
27
42
36
32
33
5
17
94
20
48
76
66
30
26
120
39
6
24
73
13
22
6
25
77
93
27
193
87
22
6
2
53
37
0
63
57
170
28
17
25
2
48
44
21
61
54
142
45
35
11
7
93
19
58
190
53
27
22
68
2
21
37
33
60
70
73
32
16
10
70
20
55
16
39
22
30
51
39
22
97
55
38
4
18
23
67
38
2
2
48
13
116
13
61
34
43
32
61
5
12
2
81
27
131
44
127
15
24
18
78
31
166
5
21
48
9
3
10
23
0
5
14
16
72
2
28
13
17
8
54
8
81
112
7
2
6
90
32
2
1
140
17
74
65
283
47
58
50
55
11
6
1
0
18
72
12
11
25
70
12
172
61
115
2
0
2
11
60
25
22
53
92
86
2
45
93
5
22
12
87
54
11
28
23
18
29
54
26
73
19
8
33
60
27
63
180
57
32
26
2
43
9
8
8
54
61
29
18
115
5
79
65
9
15
7
11
31
20
53
23
10
30
4
6
29
15
41
105
67
103
350
17
22
121
60
145
1
4
2
13
7
62
80
108
31
108
31
2
11
4
28
2
21
19
8
8
25
37
8
4
68
8
5
60
220
117
33
80
37
111
144
11
36
45
98
50
25
25
11
9
22
74
6
93
2
11
87
23
67
243
77
2
6
5
69
38
63
89
26
8
8
87
40
29
39
5
65
7
34
16
25
26
15
17
38
17
2
37
20
27
10
33
15
14
28
23
7
102
11
267
3
59
6
12
23
35
22
3
140
7
103
8
109
1
7
10
64
4
88
49
61
5
18
32
74
25
52
18
34
31
77
253
57
70
43
127
2
11
59
64
17
5
29
20
42
8
162
72
136
9
14
32
11
7
18
2
43
49
48
63
200
7
23
59
8
3
5
5
57
43
207
27
37
33
3
22
16
2
10
78
13
213
6
51
54
18
7
8
12
32
1
17
10
73
5
192
73
7
26
1
5
70
26
2
3
29
36
52
43
136
96
38
12
26
8
74
61
12
12
9
92
15
14
27
45
33
49
11
5
62
42
6
25
163
177
7
32
31
77
13
19
58
4
16
56
36
18
151
78
57
131
93
10
22
41
15
2
3
17
2
98
293
80
7
12
36
95
27
12
48
28
57
9
37
29
15
0
40
25
3
21
60
54
23
4
19
30
18
9
1
1
37
26
8
4
102
32
11
90
9
8
303
70
7
93
107
3
138
13
36
25
39
116
69
83
2
10
6
28
15
15
7
10
10
83
5
30
7
20
8
15
9
6
55
7
0
52
321
7
123
123
54
9
63
84
123
19
8
59
13
63
100
12
17
52
6
22
3
47
52
6
2
43
7
153
80
85
2
2
31
29
28
52
46
5
7
111
75
8
16
51
29
7
33
16
1
224
45
3
33
18
24
9
19
26
12
92
21
57
133
130
47
13
57
43
70
37
67
17
70
16
8
124
39
1
54
28
25
21
23
2
5
120
32
11
25
22
12
48
23
19
71
47
102
141
37
8
4
11
17
110
10
2
6
25
80
13
46
49
46
47
152
40
60
7
5
63
139
23
9
6
12
82
8
33
171
89
69
8
13
67
12
11
117
56
22
18
40
47
3
48
6
15
25
71
108
21
58
25
13
68
58
8
13
90
7
53
220
33
84
2
26
15
29
66
2
10
13
47
22
56
18
59
7
149
114
48
11
108
11
35
12
62
6
12
23
49
18
50
293
17
22
71
80
27
72
11
59
43
20
34
2
48
18
38
30
19
63
13
36
44
1
15
107
36
4
0
5
20
0
4
18
20
28
10
25
7
13
35
4
21
27
33
139
141
27
2
101
7
12
16
65
37
103
85
21
18
0
60
155
22
13
32
34
31
59
7
8
4
100
1
15
32
60
12
21
152
38
7
22
110
18
3
130
70
139
67
17
31
46
27
26
29
27
11
18
99
21
11
6
15
100
47
100
3
90
170
99
6
2
43
29
18
43
5
75
19
21
27
51
98
156
18
23
19
74
12
11
92
36
32
90
1
15
22
62
175
106
7
52
6
25
35
22
22
31
59
8
23
45
196
5
0
6
46
31
70
3
9
30
45
23
12
33
1
10
92
22
21
17
10
8
95
19
41
7
253
57
2
6
2
3
67
13
5
14
11
30
7
83
118
87
28
4
22
24
6
136
82
58
75
27
2
121
19
28
273
17
12
36
75
19
8
52
8
8
15
72
7
87
46
12
10
68
125
145
35
0
83
20
20
50
25
22
12
86
25
9
261
7
52
6
2
63
5
102
3
61
84
59
16
3
64
45
12
90
16
43
6
1
7
37
17
31
131
27
27
43
100
240
27
22
26
12
13
5
60
5
17
10
2
41
29
6
12
20
13
19
10
25
49
0
278
1
37
89
44
80
45
22
21
5
12
32
60
18
3
192
128
57
2
1
89
1
77
117
15
14
38
35
41
114
6
4
21
7
44
10
28
10
8
149
28
53
1
5
2
10
60
18
5
49
61
227
3
87
23
70
67
33
121
9
106
14
2
30
29
73
45
6
62
81
5
29
13
1
31
23
59
6
32
33
59
71
134
46
27
22
6
52
13
10
5
42
2
16
15
274
63
28
51
176
45
75
7
17
17
34
8
72
8
14
21
89
28
3
317
3
77
3
60
7
53
88
47
4
15
82
27
9
62
32
2
69
4
0
64
14
24
106
19
29
3
7
13
15
0
4
9
62
27
3
27
43
210
47
72
6
15
57
13
70
19
28
66
123
37
153
43
5
28
34
165
1
17
28
53
9
8
92
41
217
3
89
6
12
20
43
37
18
14
174
2
45
50
3
4
34
66
21
24
22
2
73
16
31
26
60
52
43
3
19
98
3
77
33
290
27
12
56
15
79
8
13
49
21
100
52
3
9
69
33
118
2
31
1
27
17
61
28
86
23
29
16
2
10
63
47
2
6
5
37
213
17
92
6
2
10
3
0
39
41
30
108
109
39
12
43
59
114
6
8
16
33
17
34
32
35
90
4
10
31
39
38
13
60
19
213
78
57
33
19
98
43
67
9
140
56
23
41
29
47
16
31
33
23
20
76
16
17
13
32
71
7
38
4
430
1
5
2
0
63
15
12
0
12
51
50
20
76
6
50
2
56
45
69
48
8
10
7
37
10
19
22
87
46
34
35
43
27
2
98
3
280
67
2
18
3
5
45
17
13
19
8
18
42
3
81
104
21
24
12
65
27
6
83
140
52
82
18
54
8
72
1
87
43
287
2
1
5
2
13
300
21
42
14
74
217
16
47
0
39
37
53
5
14
8
38
35
47
22
71
200
77
40
2
1
5
22
13
37
12
36
2
33
37
12
31
29
42
66
1
64
18
14
31
12
44
9
9
70
36
71
16
41
46
41
117
2
11
300
27
2
26
62
10
22
1
15
55
19
36
22
22
18
76
117
22
73
89
54
83
87
9
11
27
4
8
83
29
8
8
84
11
230
107
13
57
83
7
52
1
53
80
39
5
31
159
1
85
2
62
30
4
64
2
30
42
6
25
19
16
32
23
37
313
17
12
26
10
2
3
75
12
12
1
5
22
58
22
23
79
30
22
29
52
14
78
5
14
66
50
2
64
65
14
20
35
68
3
5
24
46
415
5
2
2
101
25
2
22
18
52
11
21
39
15
0
56
232
17
66
7
34
112
48
82
11
7
60
32
51
221
9
17
2
6
85
27
42
58
13
70
43
27
105
11
19
8
1
12
59
108
17
46
13
78
49
41
52
6
2
13
0
77
33
19
238
3
129
1
37
100
33
125
8
17
0
56
3
36
18
5
38
63
19
9
22
36
71
61
2
56
35
47
22
26
25
35
22
32
46
25
9
115
86
17
5
47
71
7
32
6
62
13
59
29
8
84
85
3
23
22
67
51
16
2
81
20
16
13
151
17
12
26
34
28
23
60
60
250
27
2
100
11
7
83
134
55
103
14
16
110
8
24
56
36
134
7
62
28
63
27
43
200
107
2
11
5
44
11
45
12
3
27
12
28
18
78
13
46
73
53
15
0
86
9
58
131
30
13
28
62
5
12
20
2
36
35
47
20
50
136
34
83
27
32
6
42
43
17
22
58
28
35
0
66
79
19
13
51
24
36
23
22
18
45
51
12
1
6
33
80
28
43
49
26
2
20
63
7
12
16
355
17
63
368
33
143
57
28
8
76
27
40
15
2
42
8
3
80
7
32
81
180
57
32
6
32
23
5
64
1
7
72
31
105
66
35
3
3
14
54
22
32
47
78
24
22
11
0
11
66
18
3
103
12
1
5
32
28
12
33
19
8
38
12
3
230
7
30
32
6
84
11
27
62
8
23
219
38
3
50
14
63
55
24
5
229
7
12
56
4
88
3
57
23
96
84
87
12
61
9
48
33
67
41
64
107
27
6
8
98
96
14
49
65
1
14
70
22
71
19
6
22
32
36
55
297
3
77
13
77
33
148
39
35
2
58
74
13
52
23
19
54
13
51
17
59
12
51
19
16
2
30
33
15
64
1
47
173
37
12
36
2
28
3
2
30
35
22
3
9
8
13
57
79
155
26
7
8
20
2
12
172
27
13
41
120
6
20
4
31
55
2
2
31
49
16
44
11
210
32
5
83
37
80
53
127
32
52
59
104
11
13
9
54
12
42
10
142
36
37
29
8
93
19
61
270
7
42
16
22
13
69
48
13
104
76
10
3
24
101
2
19
93
36
18
45
106
15
8
57
60
22
1
15
22
42
31
27
213
17
68
4
1
7
3
45
2
103
122
87
43
2
28
22
4
15
9
33
169
41
9
14
58
19
29
41
22
3
0
9
8
88
12
0
3
59
211
115
2
0
2
41
29
16
62
13
25
24
49
24
116
100
57
9
1
1
107
108
22
167
7
2
78
13
60
210
57
32
6
2
13
49
1
90
17
92
35
92
28
35
32
24
26
66
41
97
15
38
28
17
4
52
16
5
7
72
36
2
13
80
230
7
82
6
2
3
0
15
32
48
12
53
49
18
25
28
90
17
2
58
120
31
67
41
37
17
15
20
15
80
27
123
60
250
75
2
0
2
11
60
7
10
73
122
42
75
50
82
7
2
72
53
6
95
11
16
52
17
5
12
11
57
0
8
85
9
38
33
37
112
101
67
2
6
2
83
17
322
74
16
7
40
18
24
42
110
65
39
35
36
5
7
0
68
35
19
271
47
83
67
52
1
17
72
90
14
9
22
21
72
55
10
95
23
15
0
34
51
6
11
90
62
6
5
7
3
27
63
7
8
5
27
12
8
40
3
180
27
122
18
3
55
2
22
41
55
12
46
3
82
79
12
15
69
7
121
49
197
3
29
128
13
188
42
117
2
1
5
55
127
43
104
3
38
20
30
44
10
32
3
34
83
39
17
20
8
49
70
36
37
23
37
2
6
12
23
65
2
2
31
240
77
13
9
48
60
23
80
86
113
9
117
0
36
20
167
16
23
27
26
15
2
32
31
29
6
2
43
15
92
2
51
230
17
22
131
27
12
6
2
13
0
53
45
30
63
23
70
11
3
73
0
105
22
2
120
4
8
3
35
107
13
417
3
9
16
2
68
15
9
18
48
35
43
15
30
27
1
5
147
10
3
9
3
9
64
108
170
23
32
7
13
3
48
19
18
92
31
135
145
7
12
16
2
72
28
3
47
18
2
13
49
51
74
70
0
32
8
19
2
99
57
69
111
54
6
19
7
22
46
34
1
7
53
37
33
5
4
231
57
8
4
41
77
2
71
121
172
3
1
13
106
22
12
7
74
118
18
33
15
4
8
52
46
5
37
62
8
3
230
47
22
6
72
13
9
51
73
4
110
19
30
66
9
9
85
37
23
67
32
52
5
87
21
1
7
28
32
2
58
28
15
27
42
11
229
81
7
2
16
105
7
12
58
75
26
1
30
46
15
2
7
110
56
81
56
43
102
10
28
12
0
3
10
69
11
25
85
330
5
2
0
2
106
5
70
153
23
97
38
11
106
39
37
103
30
33
9
8
18
82
23
15
4
66
207
22
86
7
30
2
6
92
13
9
58
12
108
18
4
6
32
17
55
24
20
47
66
7
8
79
38
24
21
43
51
2
16
85
19
8
33
67
63
250
37
2
21
47
33
97
33
84
11
53
31
176
53
20
34
48
57
26
47
37
8
12
3
19
6
35
85
2
263
27
52
6
2
3
70
7
22
18
8
54
11
37
107
36
110
52
46
7
30
9
115
0
45
6
61
19
9
36
2
23
5
2
21
12
59
26
22
23
15
24
28
96
44
83
57
43
70
37
87
26
94
38
30
121
256
1
16
20
54
7
32
36
42
13
49
51
7
213
17
22
56
25
39
8
18
42
23
37
98
13
25
38
50
5
3
102
9
74
235
51
47
18
4
101
7
2
81
190
23
54
8
4
8
3
87
18
25
70
17
76
11
24
111
2
26
51
63
9
18
29
3
23
25
135
6
71
7
60
2
61
39
68
128
12
153
7
12
6
82
18
45
17
125
6
46
28
15
57
57
13
39
12
3
16
7
16
123
7
12
62
36
8
24
28
33
15
42
12
58
3
49
118
43
30
7
112
48
13
60
67
2
8
75
27
118
55
19
22
100
9
53
4
82
25
25
58
11
27
53
37
70
23
37
233
37
93
90
90
119
16
20
2
6
47
2
49
1
176
75
32
21
46
13
24
16
2
13
39
1
5
3
9
73
25
2
0
353
7
2
6
72
18
2
13
19
66
12
122
38
5
50
0
144
56
2
15
21
11
42
14
16
86
11
35
20
15
39
28
23
5
2
80
2
36
132
73
17
22
80
51
5
4
8
63
70
7
113
5
3
53
211
272
5
12
59
5
4
18
20
72
6
294
1
17
52
6
5
17
82
28
3
49
41
10
29
6
23
60
35
83
10
50
43
7
93
35
15
93
22
73
33
57
23
320
17
2
76
75
7
22
71
5
52
24
6
2
46
72
10
102
24
18
5
40
48
20
3
49
4
30
32
108
97
2
41
57
33
260
37
32
6
2
20
23
25
2
22
38
52
6
15
57
14
79
14
24
132
7
12
58
11
4
23
44
103
22
3
4
23
75
51
17
62
31
17
230
3
49
56
32
3
49
38
3
29
78
16
181
70
57
88
51
34
49
94
2
16
85
37
8
24
1
60
250
17
82
8
8
5
39
60
28
13
96
44
25
11
5
108
1
41
51
29
27
10
1
103
41
66
8
7
25
28
18
5
37
13
9
36
2
73
250
97
22
11
47
22
1
60
29
48
151
54
56
3
77
40
1
18
27
20
89
1
60
63
13
9
6
12
3
15
12
112
1
200
50
27
110
3
9
6
75
59
18
88
6
9
155
12
64
112
37
4
96
101
29
17
62
8
3
79
21
230
27
12
66
5
7
10
12
21
30
15
32
93
99
6
58
75
95
2
34
65
7
51
6
31
7
23
100
22
9
45
12
0
12
11
75
32
2
1
339
1
5
0
2
0
3
70
5
10
142
3
132
73
80
2
48
113
88
91
13
59
41
37
62
281
75
2
0
2
1
5
15
99
11
17
62
60
46
144
1
40
125
33
16
121
6
16
17
43
9
33
61
5
4
28
60
13
60
122
30
68
67
8
2
2
1
20
45
45
27
32
1
55
51
11
1
29
103
36
53
64
5
18
3
6
62
23
59
39
17
44
51
7
18
2
92
51
270
57
32
6
2
3
20
27
22
56
5
207
113
123
42
5
5
15
63
29
4
82
62
47
2
16
2
40
33
45
4
18
43
117
108
75
7
133
7
60
33
42
86
49
23
70
4
15
41
42
60
1
67
120
37
102
11
67
43
27
135
58
7
42
46
2
43
7
28
34
31
57
43
92
65
18
56
36
122
27
15
24
1
93
36
27
3
4
10
71
47
2
36
2
3
19
61
19
28
263
17
12
36
5
29
88
22
1
67
131
67
83
71
1
29
119
17
91
3
18
3
65
2
82
11
7
18
72
108
7
175
2
1
80
160
67
15
36
20
3
23
145
57
78
17
31
114
36
57
11
7
93
29
38
190
23
37
4
1
7
26
32
10
13
5
25
17
22
16
5
17
3
25
62
40
111
7
51
68
13
23
32
26
36
65
58
37
82
34
17
72
8
33
87
2
21
240
27
30
2
1
5
55
37
23
67
3
10
35
319
43
101
15
106
4
68
18
26
2
43
29
68
23
220
77
2
36
5
19
68
2
1
87
13
113
36
20
14
42
32
71
3
19
13
33
44
53
5
14
15
18
43
79
33
9
60
11
15
12
3
17
28
95
230
7
32
78
3
29
56
2
33
49
5
11
15
49
8
15
66
20
120
126
30
1
54
104
27
7
12
56
12
22
11
0
47
38
2
43
230
7
52
81
17
62
28
53
138
130
61
110
12
74
51
68
46
39
6
12
3
10
7
78
24
11
290
57
2
6
12
33
57
53
37
33
134
20
33
45
9
58
6
14
48
65
11
2
11
12
2
12
65
47
43
8
42
33
59
8
73
176
54
117
53
57
3
80
27
225
66
41
4
6
6
25
90
6
12
7
3
90
33
46
23
39
28
38
5
59
6
15
175
35
30
27
82
61
27
52
6
22
33
35
46
71
55
31
13
15
4
40
82
79
39
31
12
12
94
1
27
70
13
29
80
1
27
213
47
7
75
16
15
27
42
31
29
28
38
14
60
46
86
107
55
16
57
89
27
4
3
9
172
90
300
37
22
6
12
83
15
22
236
183
105
229
97
13
70
