7
52
55
20
1
55
4
4
68
1
3
5
37
4
35
44
9
2
7
11
33
85
40
54
277
58
13
20
1
1
0
1
1
0
3
0
1
20
25
19
50
13
32
24
96
9
15
36
1
12
9
57
41
9
32
94
33
26
11
23
69
45
8
33
41
3
14
20
5
10
0
22
20
15
7
361
26
5
44
5
0
3
27
11
15
12
8
13
2
22
49
1
37
53
42
6
20
1
13
451
141
12
68
21
14
390
4
162
7
66
49
63
54
66
38
116
8
139
20
51
26
11
45
5
8
15
25
27
334
67
28
9
2
1
0
0
2
1
0
0
16
154
64
26
9
34
3
83
18
47
0
20
33
3
91
4
29
6
3
2
26
6
95
48
2
27
60
7
32
2
0
13
1
12
30
27
284
41
24
45
5
4
0
3
19
64
6
20
41
33
13
60
9
64
108
86
17
82
34
150
1
23
48
12
22
16
61
63
380
0
3
6
33
263
7
68
115
30
69
23
61
43
58
13
17
18
53
4
9
3
14
7
8
33
5
59
20
17
305
0
77
3
2
17
78
21
10
7
113
23
40
72
102
36
17
75
12
69
16
30
15
5
53
9
27
69
33
6
31
2
12
61
166
160
47
7
1
69
26
75
57
32
46
41
88
16
12
1
22
21
85
6
6
23
63
88
61
4
60
12
26
11
21
10
30
41
283
96
1
3
1
37
23
116
25
26
11
124
110
106
42
50
37
23
94
23
16
59
10
17
17
11
1
7
30
301
18
73
1
3
26
1
0
4
173
45
9
4
0
29
62
22
6
0
28
19
11
0
67
72
173
12
15
8
31
55
11
60
129
174
194
24
0
2
5
1
56
12
41
9
7
49
4
69
12
72
13
41
10
6
121
71
7
27
3
26
55
19
19
10
22
52
9
48
15
57
18
219
43
190
1
8
7
97
50
11
78
60
63
3
6
44
8
56
65
67
28
65
5
18
97
2
31
30
2
1
23
8
45
4
8
21
16
43
164
174
9
9
28
78
69
7
50
20
87
71
97
10
14
7
26
110
116
62
25
10
32
4
18
23
15
35
48
317
28
9
31
6
0
0
4
4
51
5
159
8
41
14
4
85
4
17
63
64
128
70
7
12
30
10
39
87
13
26
12
8
8
1
16
29
52
9
139
101
75
18
35
21
6
98
15
110
11
22
66
47
3
14
70
103
73
40
13
110
86
23
6
54
14
35
6
354
32
2
2
1
3
10
63
95
3
23
3
55
23
81
69
1
64
21
7
44
62
24
80
46
46
28
1
59
28
17
8
13
1
6
37
32
376
6
1
2
5
87
4
35
27
32
49
78
25
21
58
8
35
31
10
15
58
149
5
0
31
63
18
18
52
31
60
326
27
32
21
32
11
107
11
5
55
48
6
84
146
2
37
27
42
52
82
37
54
11
85
10
8
40
6
5
7
20
2
5
38
312
3
10
62
5
2
5
1
53
87
87
12
28
22
3
40
11
50
116
20
73
38
7
3
46
2
71
35
9
23
29
21
75
6
3
32
16
13
12
310
30
48
6
0
3
17
109
19
35
71
52
110
57
8
5
4
11
5
40
27
105
23
42
62
55
68
31
393
31
56
1
0
1
92
67
67
136
56
16
8
1
24
0
40
107
67
44
58
6
51
10
44
6
41
21
17
16
28
23
265
72
42
1
4
1
3
3
5
2
33
4
76
28
19
27
2
32
43
4
29
15
35
22
22
17
13
11
140
118
76
59
35
15
15
53
6
26
15
12
6
9
30
16
4
236
55
31
49
3
73
76
0
79
310
63
24
48
46
16
24
60
7
15
11
31
1
1
57
250
47
143
41
5
2
6
7
30
102
11
14
1
105
7
159
45
96
0
10
26
8
41
6
61
2
28
44
103
4
19
58
4
25
22
3
269
66
58
5
25
26
6
33
35
34
20
23
35
3
54
21
161
18
14
10
102
10
40
37
53
58
17
34
13
33
38
2
24
71
11
255
24
115
31
34
9
23
29
146
20
110
45
1
6
8
6
7
22
11
28
45
24
29
29
56
30
69
2
5
23
45
8
5
5
1
14
83
349
30
37
1
31
5
29
58
5
43
3
33
65
17
11
7
22
46
10
85
96
26
5
76
249
16
13
3
30
12
0
16
200
119
53
16
13
19
31
97
85
28
119
25
117
28
15
42
103
35
69
40
7
27
94
18
22
2
348
21
67
1
3
0
1
2
1
178
34
11
1
87
8
90
10
15
0
19
97
22
69
28
45
74
16
8
30
6
32
27
4
9
1
17
24
22
7
15
1
40
158
17
19
63
50
50
75
12
25
34
29
45
55
6
44
7
31
45
35
18
92
67
53
24
9
66
55
68
14
26
108
301
21
84
22
1
5
55
7
13
45
52
8
61
28
71
61
69
8
24
199
44
13
0
3
119
51
29
6
3
38
11
53
155
136
54
18
3
0
1
1
16
8
0
66
56
131
10
37
9
18
47
42
30
5
59
113
15
22
4
148
13
29
19
38
13
29
19
1
11
7
4
2
219
133
61
2
8
53
76
25
20
14
58
129
11
36
45
4
28
6
17
23
7
22
100
33
44
54
23
57
9
0
107
25
287
20
95
2
87
123
36
20
110
3
17
81
6
39
5
12
1
7
7
6
237
26
38
24
1
32
10
53
33
13
186
153
70
1
1
0
7
55
161
29
0
30
84
61
26
21
8
42
71
2
15
94
78
1
71
25
3
3
7
36
7
4
28
38
1
35
1
357
10
3
29
4
77
7
186
0
37
6
52
10
96
60
8
37
24
11
12
46
8
112
7
2
12
11
57
6
34
38
3
74
283
74
2
46
1
39
95
1
23
100
7
129
14
4
43
35
92
76
20
8
15
14
67
59
2
70
2
48
13
10
1
266
134
40
0
7
104
76
120
8
2
131
5
38
4
1
45
19
81
7
8
0
23
11
39
37
45
103
27
1
1
1
23
7
6
31
3
0
60
143
101
78
51
0
0
2
2
24
41
8
89
77
81
6
175
22
6
10
5
2
123
9
26
59
33
17
67
26
19
12
25
23
13
4
1
3
0
1
2
19
1
394
2
13
3
0
39
107
6
9
105
64
23
169
38
161
221
38
22
213
185
35
5
4
7
7
33
37
14
46
36
39
35
7
117
10
96
13
8
4
25
103
26
88
28
53
2
11
66
9
4
26
0
9
13
6
25
47
381
3
5
27
87
6
20
6
21
25
46
16
44
31
44
30
175
46
30
16
17
57
0
137
17
5
8
11
13
17
39
39
12
159
137
19
75
1
0
0
3
0
4
5
19
52
59
30
70
2
5
28
82
106
27
6
15
42
101
60
192
10
72
8
60
381
2
0
5
2
33
32
2
31
26
14
125
29
9
116
7
92
7
94
75
19
73
5
2
70
14
0
40
41
39
16
2
51
153
171
46
5
46
32
7
32
46
10
6
5
18
8
36
83
10
6
26
125
20
13
29
28
10
13
11
11
5
19
30
36
17
78
54
27
17
22
19
33
211
16
112
105
49
16
262
11
83
139
24
27
34
31
46
55
1
32
39
9
26
1
19
87
20
53
7
282
78
9
4
1
3
51
39
9
28
142
6
12
20
6
48
42
15
133
130
17
9
15
7
2
39
9
60
28
6
14
12
49
22
22
2
1
17
237
59
33
66
25
2
2
0
0
1
4
0
7
309
14
65
48
112
86
114
6
15
63
9
63
84
2
32
5
259
138
1
1
2
88
11
49
135
4
11
12
58
2
159
8
70
113
3
50
6
56
6
9
58
11
28
22
7
18
1
12
16
45
190
45
115
18
2
5
2
3
3
7
43
67
2
77
75
20
26
33
13
159
51
73
12
60
90
81
20
14
25
33
1
23
1
10
409
6
1
1
1
0
36
3
25
11
81
70
104
1
31
126
11
14
70
41
22
11
83
6
56
19
1
21
58
16
446
13
25
33
3
1
41
188
12
26
12
2
33
139
64
8
50
51
9
45
7
6
42
3
10
35
106
7
22
2
4
6
28
2
31
13
5
14
23
2
283
95
7
1
1
4
1
52
19
125
18
25
15
45
46
30
79
33
2
138
110
7
30
82
80
18
5
7
35
50
168
122
13
80
2
4
2
124
80
31
29
13
53
80
27
69
160
85
61
32
8
1
16
17
2
29
1
10
7
13
21
19
61
288
41
55
1
1
1
3
38
123
78
28
11
100
25
10
16
45
14
54
48
39
35
40
24
114
74
24
17
52
1
58
260
105
1
0
2
1
1
41
12
5
9
13
7
10
2
2
27
6
17
33
5
46
39
16
48
76
1
143
1
31
38
54
53
7
21
12
12
44
91
54
4
3
49
1
199
85
117
6
2
90
20
82
32
39
156
39
179
63
69
21
19
99
1
17
1
63
44
6
204
84
64
11
16
13
3
35
5
16
64
94
113
73
14
2
47
54
19
5
10
84
26
36
32
35
39
70
26
5
15
6
26
16
6
4
238
24
102
3
17
73
3
1
13
105
92
13
22
70
63
22
27
138
8
150
33
1
14
30
33
0
8
69
48
20
25
12
6
7
25
6
16
137
341
102
4
39
50
7
2
55
109
4
48
12
45
1
115
127
10
76
4
6
0
11
6
36
18
0
26
50
234
92
36
1
2
4
2
16
81
42
21
218
2
76
50
105
6
35
37
6
15
25
140
40
1
25
9
41
8
24
17
13
14
287
48
33
1
2
1
0
1
123
117
6
97
53
83
21
72
6
2
56
183
55
10
23
15
33
24
3
42
36
246
84
6
2
27
10
1
53
86
18
14
4
111
14
18
17
95
75
8
15
18
18
71
49
8
56
33
4
4
91
13
13
3
10
1
9
19
58
7
12
281
88
3
22
16
23
10
3
300
71
3
31
110
141
36
0
18
97
35
36
5
8
5
18
8
3
24
6
29
5
29
5
200
181
11
11
16
24
129
79
78
76
1
71
18
12
126
34
28
11
26
67
62
36
2
4
11
0
57
39
5
10
360
18
19
4
0
0
2
15
33
71
132
2
56
2
124
23
11
27
64
2
56
29
74
188
9
2
22
362
79
17
11
26
2
100
29
8
40
22
2
10
10
11
10
3
51
20
8
29
35
11
85
128
32
7
48
22
146
45
21
29
5
4
14
7
240
116
86
4
209
4
12
14
28
69
57
33
23
45
27
4
2
24
14
61
126
5
6
22
4
52
9
47
25
36
12
22
5
25
375
40
4
3
1
10
3
55
6
54
16
72
5
21
2
13
50
6
2
0
22
43
6
68
29
91
10
67
56
0
125
0
44
21
68
246
154
23
37
7
0
3
61
113
43
18
42
109
69
25
69
27
9
84
21
8
6
4
3
62
102
118
5
9
47
383
0
1
1
0
0
1
1
3
1
32
5
95
9
69
15
22
10
23
14
0
46
31
146
130
4
106
88
26
10
10
50
16
30
12
49
165
177
9
36
5
0
0
17
58
21
28
22
71
1
94
24
18
1
25
1
4
152
28
52
90
98
12
16
1
85
6
2
1
52
44
5
29
5
238
89
15
27
8
110
43
4
42
14
24
17
100
131
24
20
102
78
92
6
39
50
18
39
59
39
177
107
8
27
12
23
25
5
1
3
80
0
136
2
7
7
7
97
38
13
79
9
40
27
11
58
104
75
14
24
87
2
26
30
11
51
18
243
113
8
15
2
0
5
1
103
178
10
7
10
253
44
39
55
119
20
98
0
2
29
7
3
3
21
22
17
8
179
207
1
1
0
1
1
0
15
48
58
18
28
30
128
39
1
30
43
13
29
5
40
223
98
46
10
1
8
37
5
13
24
56
289
96
3
0
2
1
0
66
2
22
111
16
177
12
37
19
3
41
73
67
92
6
2
2
2
42
87
10
10
59
1
35
42
309
26
66
77
7
51
12
84
70
20
29
23
15
18
35
18
1
34
29
22
12
37
139
25
7
20
112
51
12
4
10
4
386
12
13
50
1
3
6
69
24
13
118
25
7
20
25
29
13
95
3
16
34
45
46
37
132
34
12
98
2
10
20
1
14
3
1
4
2
4
17
0
52
21
337
12
87
8
33
12
15
30
100
92
23
33
75
14
31
25
71
39
79
11
17
3
25
5
11
30
99
65
80
317
17
2
27
0
1
8
25
146
42
14
6
138
6
17
5
117
12
47
128
5
38
17
60
29
52
17
34
3
12
7
15
45
324
12
8
20
7
25
2
3
21
14
145
41
43
7
7
48
191
14
74
14
57
45
23
37
6
24
40
5
6
5
20
8
7
74
1
47
30
3
328
49
1
4
7
35
18
41
2
66
68
17
27
125
158
4
33
5
192
16
3
33
103
13
336
32
10
60
105
76
45
1
0
11
32
16
27
4
128
49
16
11
19
15
34
8
14
40
173
32
56
32
38
26
5
52
21
15
283
45
18
16
9
2
25
9
92
5
52
76
7
13
7
7
6
24
17
75
7
65
9
24
42
11
29
38
79
34
26
29
55
17
39
4
28
11
10
8
11
9
3
2
0
406
31
32
61
6
20
52
76
33
31
2
131
160
95
38
168
80
4
13
45
298
5
65
21
4
3
8
42
75
24
51
67
48
37
37
192
43
48
4
39
67
1
31
1
160
31
4
24
10
175
29
160
14
9
0
3
0
3
1
35
37
26
2
9
7
19
8
86
13
11
48
51
6
26
1
18
22
29
127
65
25
16
68
13
23
9
13
23
28
15
6
42
60
20
17
24
340
14
35
28
47
45
1
24
124
46
5
5
29
44
145
73
7
8
10
103
108
54
14
23
9
61
4
25
15
356
32
54
190
19
57
38
3
39
104
57
23
14
13
3
7
87
10
13
29
74
35
88
1
8
23
6
7
23
33
3
143
217
10
0
6
0
2
7
26
109
9
3
46
33
22
5
20
57
39
139
72
8
64
41
66
47
94
17
19
1
9
3
19
88
141
182
46
2
1
2
2
2
17
32
19
186
25
46
21
16
189
144
54
79
8
46
6
13
41
17
28
39
170
99
110
7
19
2
3
2
2
110
71
44
2
34
30
23
11
19
50
1
94
2
15
42
13
14
24
4
84
73
24
23
43
48
6
10
12
68
19
193
166
14
45
1
3
73
11
38
16
3
106
4
18
2
29
37
13
6
8
3
204
53
21
2
14
54
105
51
41
17
42
69
179
187
7
25
1
4
9
35
35
33
59
35
102
10
11
3
36
113
150
45
19
67
24
0
112
27
21
8
37
9
5
9
16
16
368
3
21
3
18
27
75
17
17
8
29
48
1
19
57
41
128
6
5
85
17
56
126
68
6
14
6
22
5
26
2
3
31
5
21
5
12
15
10
275
18
11
39
8
5
46
8
14
175
75
11
18
19
38
65
130
49
14
177
18
86
14
150
4
246
52
18
20
2
29
8
0
0
1
0
16
56
34
61
43
75
63
9
9
58
27
17
63
72
19
43
60
126
15
42
4
6
0
5
26
13
3
21
62
258
70
106
84
10
8
9
3
11
96
54
22
11
72
1
24
13
62
88
4
54
105
148
4
10
18
25
24
417
14
5
3
0
42
38
14
47
10
103
39
152
40
37
2
24
40
7
11
29
22
12
3
81
21
43
37
10
29
10
1
17
25
11
9
2
19
14
6
1
24
1
21
11
257
3
60
54
4
7
25
141
57
42
43
30
6
86
7
38
104
249
25
24
16
8
9
14
3
4
21
42
22
41
293
6
10
52
14
1
1
2
70
39
9
75
95
43
11
9
6
160
38
32
133
291
4
368
48
4
0
2
28
11
41
33
119
31
5
11
28
4
30
29
133
15
35
1
21
18
2
4
33
22
18
64
21
32
10
85
39
1
5
39
229
156
26
15
33
7
1
8
23
47
2
24
25
48
1
29
55
9
20
9
40
65
41
5
22
8
42
22
33
19
26
13
15
50
22
98
21
81
2
15
31
23
362
57
28
0
7
175
39
25
110
56
100
4
1
9
12
29
98
33
30
0
64
36
45
31
84
18
6
4
22
4
11
369
62
12
3
63
27
22
19
50
27
2
227
39
15
80
1
0
55
122
35
4
77
6
10
4
18
3
29
12
47
11
282
43
50
0
4
3
11
72
3
22
10
21
1
5
4
80
79
15
0
18
48
51
38
67
37
65
21
1
200
14
55
5
8
11
34
66
261
27
65
18
0
1
3
4
0
22
56
107
39
37
31
45
32
104
76
28
54
39
56
172
69
5
40
2
52
269
39
57
1
23
45
7
100
5
70
1
90
2
7
39
5
9
1
92
74
39
11
30
6
53
31
64
2
69
9
8
21
62
7
6
25
320
107
5
3
22
37
61
24
4
20
20
3
8
76
32
15
106
2
286
6
16
34
0
114
51
8
1
22
1
7
6
7
14
5
57
365
1
0
0
1
2
72
1
41
144
8
23
64
1
63
12
24
12
21
23
18
13
3
49
133
52
2
30
96
11
0
20
1
2
29
3
20
4
12
8
48
143
235
89
18
53
110
27
12
95
279
26
13
23
1
64
32
13
39
25
25
61
3
54
6
299
68
2
7
1
0
25
149
23
16
96
13
23
5
78
21
25
9
48
26
51
54
18
70
0
20
18
72
49
17
38
3
20
217
181
47
0
5
2
1
38
8
30
4
14
15
65
27
55
8
1
26
98
37
100
25
5
34
8
36
47
24
72
43
19
12
20
0
5
43
30
9
30
17
6
49
353
20
41
41
56
76
133
5
77
26
2
57
14
34
54
89
19
0
176
2
6
37
26
55
46
136
106
56
69
1
0
1
1
53
158
113
6
16
4
63
3
30
7
3
37
26
68
24
32
3
46
19
29
37
11
28
30
13
99
10
15
31
58
255
14
15
20
61
1
3
1
2
25
5
263
64
3
28
58
27
157
3
57
21
132
53
20
40
1
21
33
41
12
134
153
43
39
1
1
37
28
33
35
68
1
30
5
30
49
91
37
21
9
3
17
194
80
118
15
0
7
2
4
26
15
11
7
96
6
275
12
37
42
0
5
86
38
26
13
16
64
1
10
16
85
136
0
82
75
22
8
37
111
24
128
18
0
2
0
312
48
26
32
3
13
0
40
32
10
1
32
7
4
20
5
88
59
30
68
62
46
40
52
31
3
37
12
18
82
116
10
47
5
82
35
153
89
97
29
7
24
35
55
76
62
31
78
20
2
26
89
18
41
6
78
46
38
17
3
28
159
1
23
18
53
4
15
4
302
0
16
48
15
5
143
71
9
56
34
18
48
43
23
84
8
19
9
119
5
11
1
19
50
61
105
1
1
9
16
15
14
14
10
320
28
35
45
0
115
116
4
98
4
14
13
50
0
21
31
11
104
28
29
82
42
2
22
7
9
22
19
54
9
4
31
41
9
11
10
210
161
45
3
24
5
5
18
25
106
98
109
16
24
53
1
51
1
76
21
2
9
2
18
3
42
72
73
65
17
4
12
45
347
13
84
6
0
0
16
41
12
6
14
160
34
40
64
93
13
30
1
86
289
93
60
13
237
44
4
0
41
1
35
7
4
41
5
10
139
1
16
104
28
28
33
17
75
29
61
95
62
2
1
58
90
16
3
0
37
15
21
25
6
2
7
266
13
30
105
1
1
0
0
3
61
10
3
5
14
21
258
62
7
41
33
27
29
67
51
83
83
40
31
6
5
16
52
3
3
11
31
147
180
31
19
20
0
102
168
61
71
36
75
76
72
19
29
59
73
31
1
12
10
2
23
32
95
310
34
33
69
104
2
2
178
78
8
11
12
35
11
34
15
29
2
83
32
1
25
1
78
14
20
10
49
22
21
17
11
8
401
6
15
35
1
1
49
26
11
6
78
23
29
35
67
3
21
6
7
40
74
15
51
11
64
29
6
65
126
29
47
14
6
22
21
32
46
294
35
43
7
2
2
1
74
26
25
40
3
21
16
13
201
25
82
21
0
230
86
60
7
10
2
12
13
14
60
289
101
7
14
16
15
11
71
10
45
5
0
177
36
11
8
122
30
46
37
7
23
70
15
34
23
66
8
3
18
2
6
13
4
27
45
2
174
152
87
6
47
79
35
10
11
52
16
19
50
30
46
26
90
8
145
26
111
73
2
38
16
1
15
32
35
32
10
139
56
60
80
25
21
0
43
52
148
31
26
80
4
9
41
16
15
20
41
8
92
232
32
12
4
18
0
5
44
3
12
231
103
2
115
0
1
2
0
3
21
5
8
1
45
47
65
50
1
4
16
109
21
169
41
19
173
1
131
3
12
22
16
90
262
30
5
37
15
14
6
0
1
1
9
128
3
40
27
47
12
10
112
77
55
2
90
209
71
26
3
12
13
63
26
295
42
2
14
10
31
3
6
8
49
14
21
46
39
14
89
1
50
83
4
2
79
8
12
28
35
19
14
14
11
0
86
17
36
4
24
165
17
25
366
56
37
40
79
16
39
33
63
46
68
17
40
41
130
12
9
4
21
46
12
22
10
34
11
44
33
32
7
4
73
10
165
32
96
46
48
147
18
21
60
25
16
36
47
76
23
2
123
15
173
17
59
12
17
0
26
24
9
3
2
11
4
27
14
8
9
12
10
36
311
21
46
1
43
82
32
71
31
21
12
8
30
9
57
43
32
78
9
277
78
79
5
1
14
2
209
91
12
111
8
12
100
5
23
66
26
18
1
72
133
12
19
18
63
36
4
42
0
6
53
20
49
11
44
79
12
12
25
246
101
3
2
60
11
19
10
16
3
60
68
63
29
12
34
42
22
8
40
80
17
2
99
22
4
9
36
33
2
29
43
42
8
122
15
4
14
20
27
352
38
6
39
7
196
52
6
65
12
30
102
6
23
40
21
23
95
15
24
32
104
3
5
24
33
2
13
37
23
4
8
13
422
0
0
5
1
12
99
78
38
95
50
72
13
1
7
101
30
1
20
1
129
175
32
26
19
6
3
3
8
16
28
309
19
16
27
33
30
48
95
15
86
44
57
99
52
37
7
34
18
38
34
12
20
1
10
19
29
57
43
4
29
36
3
7
5
71
275
1
17
2
72
2
5
15
19
23
51
71
42
22
138
66
155
41
16
0
108
6
54
9
24
42
154
6
247
4
12
84
6
9
17
3
19
13
32
14
13
51
4
53
75
81
59
37
3
0
56
26
2
12
36
55
23
134
38
15
35
29
2
34
24
2
9
47
391
7
0
1
4
109
69
20
1
22
47
61
51
2
110
41
80
28
40
72
42
46
3
26
54
41
14
11
64
249
45
29
58
4
41
12
17
19
50
17
5
5
30
58
21
26
8
54
6
44
24
25
5
55
71
10
7
88
112
27
21
52
16
5
8
82
8
292
56
4
50
6
2
1
22
23
44
21
60
2
92
33
35
36
32
138
81
84
94
8
40
25
36
3
6
21
13
44
3
44
157
222
14
3
1
0
63
33
182
27
10
7
51
113
37
176
8
21
13
34
32
14
109
15
53
10
52
339
1
14
22
0
4
1
1
0
0
1
35
33
8
66
54
22
75
34
23
119
26
17
22
29
14
8
57
110
8
1
7
10
18
63
32
25
3
2
38
4
22
27
1
28
23
139
16
114
59
41
3
2
4
15
34
35
65
16
82
191
16
16
42
30
35
15
118
41
44
79
16
13
6
84
51
10
3
142
132
8
96
0
3
30
77
77
46
79
153
10
79
4
18
5
64
10
42
90
20
25
9
22
43
11
38
9
12
3
15
6
11
34
316
2
77
14
75
59
104
16
24
72
17
21
36
100
46
33
4
12
25
15
61
22
91
5
27
3
20
49
11
14
17
58
1
375
14
1
2
16
41
0
37
30
21
27
105
99
18
8
6
97
23
37
23
8
8
10
13
95
155
3
78
15
1
33
41
169
27
81
108
6
1
0
12
50
66
114
94
29
10
174
42
38
10
28
113
3
21
113
11
4
3
18
13
45
15
21
276
51
6
57
1
19
24
104
28
15
14
51
52
93
17
196
7
81
117
52
7
15
10
20
7
24
3
9
11
20
8
5
353
69
3
0
0
2
1
0
2
1
1
1
31
83
13
36
9
26
21
7
82
17
182
41
29
59
53
7
25
14
6
79
31
53
9
4
62
347
26
10
40
0
31
1
1
1
1
69
192
25
18
34
24
17
103
12
106
74
77
111
30
45
44
1
20
6
211
3
109
13
66
5
6
15
4
3
133
34
130
15
22
70
43
8
5
42
9
10
44
51
5
50
17
32
33
22
82
5
6
36
6
41
63
295
41
0
37
41
8
3
0
2
33
13
152
6
47
28
30
48
26
60
4
118
142
13
100
64
6
10
17
11
14
16
41
59
243
4
51
39
36
1
2
3
2
93
2
208
14
85
9
6
246
28
48
17
1
12
40
88
6
0
20
25
32
5
7
1
6
8
8
297
37
13
19
55
1
0
3
2
19
0
58
36
2
44
41
41
5
48
9
15
44
6
37
5
27
256
121
12
3
18
53
12
35
14
20
0
24
51
303
40
33
3
0
50
32
17
5
85
51
43
19
8
5
50
22
26
37
5
5
72
3
137
251
29
20
80
7
181
154
43
2
1
34
18
49
134
82
34
77
29
17
0
3
79
24
4
39
14
56
19
122
109
15
32
5
44
24
271
51
36
19
0
1
1
24
18
13
66
22
11
51
35
4
21
12
23
28
1
18
45
9
25
9
35
11
8
48
11
63
32
12
8
2
86
46
39
55
6
4
77
2
1
31
47
178
97
100
5
2
202
1
70
18
35
149
259
85
6
1
13
16
17
21
29
13
17
36
12
5
6
382
40
1
2
5
0
161
0
36
59
2
13
10
191
22
29
16
7
14
27
39
64
14
53
23
143
8
1
19
43
349
27
27
5
30
1
2
0
48
45
145
38
3
102
13
10
50
1
34
1
9
36
46
51
13
38
5
10
121
9
8
16
45
10
29
2
5
48
29
26
165
206
20
0
0
3
5
26
3
20
2
1
2
93
64
15
7
21
12
17
137
84
46
72
138
17
38
56
8
43
14
24
38
40
161
150
17
65
3
0
215
93
32
1
14
155
1
18
14
52
94
7
36
7
31
11
16
118
6
18
5
13
109
153
5
143
70
7
17
7
0
56
38
13
19
13
57
128
26
140
21
1
14
94
6
36
25
32
64
24
11
27
8
31
14
18
7
16
18
460
1
17
79
45
12
8
54
3
97
8
41
15
88
8
6
21
112
24
57
6
2
46
35
6
25
69
28
5
38
13
10
22
32
278
12
35
26
5
17
17
16
1
14
16
46
6
14
69
5
109
34
17
28
131
92
52
30
8
13
66
46
60
33
16
27
7
7
7
21
25
214
190
37
22
7
20
108
26
114
21
2
9
16
11
136
21
67
25
135
18
10
63
36
52
38
45
11
361
35
9
20
1
0
1
62
42
27
29
53
26
98
28
55
62
23
7
55
12
94
4
49
1
38
1
17
79
38
17
1
58
2
16
8
8
384
38
2
4
1
2
14
81
40
12
110
8
12
55
43
56
46
126
2
18
76
9
13
33
42
8
102
3
7
0
30
10
2
12
24
20
45
297
1
71
2
8
1
11
8
29
25
53
52
41
44
97
267
45
65
94
66
41
6
12
13
23
378
22
15
14
11
2
4
3
44
39
62
186
6
59
4
35
24
92
85
89
54
81
37
4
4
59
3
36
40
148
7
154
5
32
5
28
10
0
0
3
4
49
35
3
42
36
13
5
4
10
7
39
15
109
43
38
9
123
67
30
15
18
4
65
59
37
26
12
81
17
11
14
1
12
308
7
29
40
1
6
60
50
118
20
5
127
0
23
13
19
28
14
37
22
81
7
1
43
51
142
22
0
16
35
4
7
94
296
57
1
44
4
17
75
109
66
10
85
16
88
39
22
106
22
37
128
12
7
30
46
20
2
25
251
103
57
5
49
4
18
1
9
43
105
4
36
104
35
90
10
98
2
33
26
57
50
21
42
14
1
15
113
52
16
54
283
15
2
6
1
11
6
1
67
3
1
2
68
8
61
18
4
32
107
28
1
100
17
22
53
22
73
142
41
86
29
39
13
1
24
8
42
214
121
10
5
51
35
157
66
8
1
7
78
11
39
21
86
28
21
3
45
20
67
5
112
27
34
60
41
39
3
0
23
348
24
19
5
0
2
4
10
37
7
143
4
11
67
20
8
15
34
12
8
46
0
191
15
19
19
2
19
49
140
18
61
18
3
2
11
2
5
37
401
7
150
18
50
13
32
12
20
66
18
14
23
48
100
14
13
72
24
62
84
27
1
39
18
26
1
31
2
13
319
11
16
96
4
5
152
34
94
36
39
41
77
1
24
15
63
25
29
14
116
84
1
40
19
2
10
17
16
18
1
46
178
2
125
1
77
26
10
3
2
32
4
44
15
17
101
27
19
16
3
19
13
0
30
6
29
36
10
28
86
179
107
21
48
25
1
60
7
15
3
70
254
16
22
29
2
109
30
27
25
9
7
0
58
36
78
41
78
35
15
8
4
81
12
70
62
119
62
8
26
18
6
34
1
1
238
87
4
78
13
3
5
49
33
70
43
25
26
61
144
8
50
91
1
55
94
30
73
16
33
7
6
10
49
220
207
17
13
56
0
30
14
7
31
13
63
52
24
27
75
49
32
20
8
11
91
28
20
13
51
50
24
13
31
20
38
63
33
16
44
164
116
3
23
15
149
37
122
11
9
121
8
3
64
71
63
42
12
7
16
109
9
53
36
20
47
16
18
20
8
227
162
57
0
2
20
36
2
31
51
4
30
29
91
25
52
2
10
9
23
14
6
66
29
78
13
86
137
33
22
35
10
12
25
30
21
14
157
133
1
28
70
0
11
52
50
36
15
98
21
50
32
12
86
103
70
90
20
34
6
52
26
2
16
67
11
1
36
32
171
170
54
15
5
3
10
128
34
27
136
8
74
54
8
5
39
19
46
8
14
0
59
36
16
78
103
13
3
84
9
424
5
46
1
37
61
65
9
23
70
4
3
7
15
9
32
22
13
49
4
21
64
30
33
11
11
12
36
29
93
83
12
24
39
55
370
12
7
10
12
5
1
3
2
87
54
3
101
50
10
5
74
17
12
151
70
132
28
4
42
7
47
11
26
41
34
304
41
20
6
37
16
4
8
100
66
41
32
55
7
13
26
4
18
54
10
9
214
10
4
28
52
91
48
6
15
48
29
55
209
95
12
29
46
3
2
1
23
18
108
81
22
22
24
1
10
18
20
18
65
84
82
23
86
10
26
65
20
37
24
17
4
19
9
9
6
1
7
19
83
137
185
49
1
1
4
1
57
21
144
45
30
28
15
7
35
71
32
161
24
77
11
2
53
86
44
51
9
250
147
33
2
5
1
60
1
2
7
20
65
135
46
6
115
7
69
8
164
10
24
33
79
50
33
2
18
24
10
12
7
2
18
6
22
1
2
330
11
24
12
0
2
1
0
0
2
1
0
20
66
33
203
34
77
137
30
51
13
5
10
110
23
8
14
25
4
36
12
33
43
24
213
79
39
2
37
18
32
4
1
104
36
42
62
37
56
37
145
11
13
27
2
11
40
24
28
24
117
1
1
89
61
17
224
11
116
75
26
0
7
24
15
7
4
56
50
17
19
189
8
24
10
52
204
35
79
44
87
17
6
28
34
27
1
0
180
121
68
21
2
4
3
2
1
17
57
11
40
34
29
162
11
15
19
31
13
20
6
58
15
160
7
24
155
28
24
9
1
5
22
10
15
68
286
15
5
60
1
1
1
6
1
41
25
37
60
39
4
36
19
35
40
36
11
158
16
77
43
31
28
88
36
34
2
42
35
6
10
46
18
15
155
132
82
97
55
90
21
16
88
68
42
34
14
128
124
15
41
46
12
18
20
16
35
16
29
20
9
1
148
230
2
2
0
3
1
29
7
63
12
5
30
35
102
44
23
20
54
34
35
17
5
70
9
59
14
2
79
100
50
11
26
29
20
10
2
41
306
7
15
10
29
32
46
17
95
39
65
106
41
17
21
18
25
38
43
121
80
101
1
98
228
30
80
50
68
8
5
4
0
12
2
106
28
25
13
27
22
52
51
87
63
14
37
3
14
21
137
55
36
9
85
41
2
1
19
1
10
20
3
13
9
33
195
75
115
0
47
17
14
0
1
9
24
35
1
129
65
25
92
63
173
23
43
32
4
18
89
3
38
14
16
31
41
148
136
92
5
4
3
3
0
2
3
61
40
123
44
53
36
51
14
157
159
112
14
9
50
15
35
8
30
13
2
297
36
5
32
16
10
2
3
6
5
12
67
21
74
13
51
57
39
43
9
13
83
33
19
8
20
180
7
27
41
15
20
4
31
17
0
35
9
48
13
364
8
34
20
86
2
72
73
67
87
8
0
24
22
19
19
191
66
113
13
35
3
3
13
9
14
10
34
9
21
361
13
1
52
5
1
129
52
79
53
35
49
44
4
77
4
8
0
39
108
2
55
89
84
5
28
21
18
44
4
295
79
15
13
2
0
2
0
3
1
42
91
75
14
27
31
12
13
63
5
59
20
58
24
23
38
128
30
25
77
5
35
0
11
0
2
4
41
24
52
294
51
60
1
3
27
57
25
30
69
92
16
39
172
62
3
15
67
71
3
73
3
52
21
36
83
368
51
2
0
38
19
23
2
17
13
100
5
16
20
31
43
51
20
35
3
14
52
66
11
23
47
70
14
3
161
5
37
2
2
40
1
7
17
34
0
30
126
144
101
1
112
59
54
74
3
40
55
21
12
172
11
32
20
34
26
52
27
89
24
23
24
26
2
21
53
268
12
51
8
30
3
0
1
2
93
113
59
49
117
74
2
72
34
38
80
8
14
26
26
23
16
101
10
3
24
7
15
8
17
289
12
49
47
2
8
2
2
11
24
36
42
6
30
9
116
101
14
15
28
42
2
28
14
103
73
91
37
65
16
54
27
49
17
263
33
66
27
19
28
50
55
31
15
25
23
9
2
105
5
147
72
31
103
15
138
33
19
9
40
9
5
18
29
1
7
286
41
13
51
2
0
6
47
23
48
39
1
28
32
93
29
60
51
156
47
56
6
7
25
6
26
13
17
7
30
19
29
33
38
8
31
316
39
39
32
8
39
18
64
27
114
3
8
37
20
19
23
9
32
84
33
26
1
13
38
30
19
17
68
2
103
48
40
0
3
99
14
244
141
7
86
21
7
11
40
8
151
33
25
46
39
30
4
20
84
50
80
44
53
0
2
2
11
10
33
12
1
19
45
7
29
203
0
227
3
2
1
23
62
84
6
171
80
25
32
36
3
68
97
9
10
8
5
65
115
19
3
10
6
2
36
7
17
361
26
35
15
1
56
10
139
61
65
38
156
11
31
80
54
52
14
144
3
19
14
3
15
23
2
19
45
267
8
96
8
0
0
0
0
5
76
131
77
13
131
71
20
18
40
36
137
62
59
16
10
12
0
24
13
19
9
31
9
324
82
0
6
9
0
2
0
2
2
50
30
1
146
12
66
40
76
28
83
35
155
0
32
54
12
106
3
67
8
6
29
27
156
117
49
37
4
8
2
1
0
32
32
13
12
5
68
4
8
4
11
69
38
63
56
56
20
44
3
4
42
10
26
39
4
22
16
22
186
3
3
88
42
309
80
1
0
1
0
23
3
67
21
29
95
87
36
22
145
68
136
100
20
29
31
49
9
27
8
22
29
2
0
0
308
43
37
156
16
2
119
24
34
1
50
2
163
16
33
22
66
49
14
10
27
33
12
12
9
24
57
17
15
4
5
30
7
299
17
29
65
3
5
56
39
24
14
29
7
8
68
19
91
17
10
123
10
33
46
31
67
55
14
1
73
0
8
10
17
64
9
2
446
34
5
1
2
4
28
9
65
66
14
3
78
3
93
30
69
147
41
15
157
64
17
21
35
18
3
18
58
4
134
142
72
57
34
21
19
63
0
30
30
60
22
73
16
87
49
68
50
26
51
2
106
33
2
1
74
10
18
4
51
15
8
282
101
2
2
1
3
2
0
43
36
32
64
29
14
23
94
21
12
126
26
37
111
8
97
5
68
37
15
3
3
12
10
0
21
31
72
287
65
30
4
3
131
25
108
10
170
128
10
54
52
73
50
14
2
2
5
7
9
5
55
1
7
17
11
15
1
1
19
82
149
145
4
69
2
0
4
8
135
30
13
4
58
54
112
7
133
69
37
78
54
28
15
18
2
10
37
49
37
58
19
1
136
145
40
26
27
3
1
5
15
137
2
18
25
28
47
17
21
0
74
37
30
5
11
61
40
2
42
30
9
122
42
18
23
11
45
7
12
420
80
0
1
2
2
7
13
55
96
54
53
38
22
394
137
22
14
5
13
4
4
14
47
11
35
339
0
35
22
4
26
5
25
56
25
22
9
266
16
12
7
5
6
18
75
28
38
3
45
18
30
68
15
25
12
38
1
17
6
3
26
19
46
3
6
223
96
29
32
39
56
57
60
34
18
2
12
1
81
24
54
73
72
139
2
33
31
1
20
3
60
33
32
5
29
60
362
33
20
29
1
1
73
32
180
2
44
2
203
14
144
5
47
122
3
53
33
27
3
27
7
51
156
120
28
17
47
10
21
46
34
30
34
2
12
29
71
42
5
6
37
168
23
19
24
7
16
71
26
28
4
5
82
2
49
1
1
4
28
4
1
9
46
7
320
113
3
2
0
41
278
7
3
21
60
7
19
52
22
83
21
10
69
123
78
7
18
9
14
123
149
123
51
102
8
32
128
2
46
6
8
68
10
24
1
27
47
50
37
122
27
2
21
25
66
35
106
18
15
1
1
13
22
12
271
36
48
45
4
2
5
8
67
6
43
51
14
13
81
20
48
76
66
30
26
120
39
6
24
73
36
46
10
3
39
99
26
254
85
23
1
3
3
1
57
41
13
213
28
17
25
2
48
44
21
61
54
142
45
30
60
1
21
18
51
232
107
33
13
24
19
12
4
5
134
32
83
32
16
10
70
20
55
16
39
22
30
51
39
22
97
115
27
9
1
19
33
2
15
17
3
8
175
13
95
24
78
32
1
1
22
37
49
52
98
44
127
15
24
18
78
31
166
5
21
57
9
22
15
7
6
24
7
7
18
22
24
5
23
33
0
4
128
169
5
5
2
1
56
5
60
56
12
112
65
283
47
58
50
55
13
4
1
49
4
54
1
6
67
1
1
209
118
109
4
0
4
0
1
3
14
111
79
86
2
45
93
5
22
12
87
54
11
28
23
18
29
54
12
35
112
9
6
23
60
9
276
63
32
21
2
1
1
1
5
35
64
41
17
126
5
79
65
9
15
7
11
31
20
53
23
10
30
4
6
29
15
41
156
68
23
436
10
24
57
71
145
1
4
2
13
7
62
80
108
31
108
31
2
11
4
28
2
3
37
1
47
18
40
23
1
4
34
10
5
320
103
15
76
68
64
144
11
36
45
98
50
25
25
11
9
22
74
6
78
13
57
22
26
45
341
16
65
1
3
1
1
173
33
26
8
8
87
40
29
39
5
65
7
34
16
25
26
15
17
38
17
2
37
20
9
7
54
69
2
7
2
12
45
18
369
2
30
31
8
6
0
1
2
219
9
48
8
109
1
7
10
64
4
88
49
61
5
18
32
87
12
72
29
22
12
42
345
58
24
3
133
9
70
15
64
17
5
29
20
42
8
162
72
136
9
14
10
31
17
65
3
4
22
11
89
251
28
3
2
85
8
0
7
1
74
179
27
37
33
3
22
16
2
10
78
13
213
6
51
54
12
33
40
1
15
4
12
20
6
2
230
106
1
21
3
39
21
23
27
4
18
7
71
14
154
96
38
12
26
8
74
61
12
12
9
92
15
14
24
3
65
53
69
14
4
13
14
11
198
237
3
1
30
14
14
103
9
7
16
56
36
18
151
78
57
131
103
48
30
3
7
4
40
6
1
18
395
58
22
12
37
35
64
17
13
28
57
9
37
29
15
0
40
25
3
21
60
54
23
4
19
30
18
9
1
1
37
26
8
4
142
12
37
24
14
24
302
126
8
58
137
2
87
13
36
25
39
116
69
83
2
10
6
28
15
15
7
10
10
32
10
42
33
62
1
18
3
4
8
26
14
4
415
11
112
76
54
9
63
84
123
19
8
59
13
63
100
53
32
33
22
1
14
9
39
0
14
53
6
146
135
82
2
1
1
2
1
98
57
25
2
72
75
8
16
51
29
7
33
16
1
224
45
3
33
17
25
0
17
44
53
31
37
10
177
187
40
1
2
26
111
60
37
17
70
16
8
124
39
1
54
28
25
21
23
2
5
120
65
23
21
11
22
1
10
40
69
21
129
200
36
0
6
1
35
2
20
52
14
21
64
13
46
49
46
47
152
40
60
7
5
63
185
11
33
2
16
24
5
20
187
147
41
29
1
3
73
16
29
103
22
18
40
47
3
48
6
15
25
71
108
21
58
25
13
68
21
73
20
88
10
21
249
22
117
4
3
17
9
30
5
68
0
11
25
61
18
9
57
149
114
48
11
108
11
35
8
12
34
73
17
12
17
8
400
13
25
9
104
63
8
65
16
43
20
36
18
30
18
38
30
19
63
13
36
44
1
15
107
36
6
3
19
14
9
11
7
19
10
15
25
6
5
13
20
2
55
4
170
194
34
2
5
29
83
18
3
12
131
85
21
18
0
60
155
22
13
32
34
31
82
11
20
20
25
4
15
81
3
6
6
198
95
10
20
69
18
7
142
30
146
67
17
31
46
27
26
29
27
11
18
99
21
11
6
15
152
49
6
29
48
282
87
15
0
0
3
3
99
34
3
9
51
27
51
98
156
18
23
19
74
12
11
92
91
30
1
25
43
37
3
203
160
11
50
1
2
1
3
8
25
107
14
17
42
196
5
0
6
46
31
70
3
9
30
45
23
12
33
1
10
65
59
40
3
30
8
20
48
12
19
335
57
4
3
2
2
0
1
3
48
7
8
43
95
41
137
28
4
22
24
6
136
82
58
42
111
5
73
18
3
353
10
19
27
31
4
15
12
58
34
8
5
39
94
36
22
10
68
125
145
35
0
83
17
23
75
3
39
11
15
42
10
347
13
33
18
1
2
3
127
43
9
84
59
16
3
64
45
12
90
16
43
6
1
7
37
17
31
131
47
4
52
56
337
23
20
30
6
17
1
4
3
0
32
32
11
1
51
12
4
21
22
0
25
49
0
278
1
37
89
44
80
96
9
22
16
3
18
21
31
28
166
179
56
5
1
0
13
95
123
15
14
68
5
41
114
6
4
21
7
44
10
28
10
8
149
28
66
1
44
5
4
19
20
8
12
87
279
0
55
10
24
90
18
153
9
106
14
2
30
29
73
45
6
62
81
5
29
13
1
33
26
43
36
37
3
71
12
187
102
23
22
12
11
29
11
14
2
1
13
32
258
63
28
51
176
45
75
7
17
17
33
63
3
37
32
6
21
37
48
372
2
0
7
73
12
17
142
27
4
15
82
27
9
62
32
2
69
4
0
64
14
24
106
19
33
6
5
44
11
4
19
14
1
3
11
37
17
302
47
36
39
1
1
46
66
36
28
38
123
37
153
43
5
28
34
165
1
17
13
66
1
66
34
14
311
0
76
15
6
13
8
7
24
12
198
2
45
50
7
16
18
66
21
24
22
2
73
16
31
26
60
52
3
43
77
43
2
15
53
382
26
17
9
50
21
18
18
5
45
51
58
65
9
69
33
118
2
31
1
27
17
61
28
125
9
44
18
12
7
1
11
23
27
28
18
276
8
38
50
10
4
1
0
13
5
83
76
109
39
32
23
59
114
6
8
16
33
17
34
32
35
104
3
39
3
12
28
39
30
4
255
130
41
21
46
2
78
77
9
140
56
23
41
29
47
16
31
33
23
20
76
16
17
21
32
82
14
1
1
500
3
0
1
2
0
0
1
2
41
53
52
32
64
6
50
2
56
45
69
48
8
10
7
37
10
19
22
87
46
34
56
5
72
32
54
1
323
66
1
16
8
0
1
3
2
13
9
40
70
10
47
104
31
14
12
65
27
6
83
140
52
100
40
49
24
4
3
112
1
376
1
4
2
1
12
246
21
42
4
84
217
16
47
0
39
37
47
6
16
49
27
16
67
36
2
285
76
22
20
0
1
0
2
5
4
9
25
48
99
3
6
11
42
66
1
64
18
14
31
12
44
9
9
70
36
71
16
37
4
67
97
30
28
353
22
4
22
21
22
18
5
3
10
90
17
30
9
6
76
117
22
73
89
54
83
87
9
11
29
24
25
63
5
37
20
24
32
284
107
4
1
86
3
115
4
2
80
39
25
11
159
1
85
2
62
30
4
64
2
21
51
1
17
40
19
16
35
26
372
17
14
25
9
2
0
2
24
4
37
25
11
12
0
47
95
30
22
49
32
14
78
5
14
66
50
2
64
65
14
20
36
58
1
50
11
22
475
2
2
3
28
84
8
6
4
28
1
38
39
15
0
56
232
17
66
7
34
112
57
82
9
37
40
9
2
276
63
14
10
3
7
50
15
42
52
58
48
37
105
11
19
8
1
12
59
108
17
46
13
78
49
21
77
51
2
4
19
17
42
6
301
1
97
21
6
34
136
74
8
17
0
56
3
36
18
5
38
63
19
9
22
36
71
61
2
56
30
14
114
1
30
17
5
18
44
4
17
145
108
29
25
52
16
9
57
32
4
8
24
70
8
84
85
3
23
22
67
51
16
2
81
20
16
13
130
90
11
2
24
1
62
41
14
346
27
0
1
1
3
116
156
15
57
6
0
220
8
24
56
36
191
1
64
7
23
9
23
306
92
12
1
9
2
7
24
6
45
4
34
25
5
77
13
46
73
53
15
0
86
9
58
131
30
13
28
13
101
1
7
11
20
6
54
10
8
194
34
143
26
28
2
6
49
1
38
37
63
0
22
44
79
19
13
51
24
36
23
22
18
45
51
12
1
6
33
80
23
8
133
15
24
1
5
14
3
20
426
22
13
362
33
143
57
28
8
76
27
14
9
58
71
6
5
13
37
4
47
283
55
32
5
3
26
1
22
2
6
76
54
96
66
35
3
3
14
54
22
32
47
78
24
22
11
0
11
66
18
3
113
44
17
3
19
2
9
4
18
7
38
13
7
249
51
39
30
6
4
6
78
46
1
24
217
38
3
50
14
63
55
24
5
284
3
14
26
30
3
6
71
7
131
139
84
16
0
2
5
78
69
49
64
107
27
6
8
98
96
14
49
65
1
14
84
5
44
18
45
43
3
0
34
412
1
1
48
48
51
144
39
35
2
58
74
13
52
23
19
54
13
51
17
67
19
30
23
37
35
3
12
10
32
22
18
270
38
14
37
1
0
27
2
2
4
1
1
0
57
2
10
124
155
26
7
8
20
2
12
172
27
13
41
120
6
20
4
19
34
25
43
20
23
5
9
37
268
26
33
40
6
65
61
154
32
52
59
104
11
13
9
54
12
42
10
178
21
24
53
19
34
15
36
366
13
20
8
17
13
3
56
29
124
76
10
3
24
101
2
19
93
36
18
45
106
15
15
68
34
15
67
18
15
5
6
19
294
17
30
35
4
0
3
2
1
112
110
87
43
2
28
22
4
15
9
33
169
41
9
14
58
19
29
58
33
3
3
18
6
5
10
34
21
13
311
89
26
0
0
3
2
30
17
95
36
1
20
24
116
100
57
9
1
1
107
108
22
224
1
11
4
24
29
303
52
35
8
0
3
2
4
108
47
41
35
92
28
35
32
24
26
66
41
97
15
38
28
17
4
25
24
45
27
10
55
29
31
38
281
15
26
51
3
3
0
3
16
16
8
68
91
17
11
5
85
17
2
58
120
31
67
41
37
17
15
20
15
133
3
115
28
318
27
49
1
1
2
1
4
17
140
63
42
75
50
82
7
2
72
53
6
95
11
16
52
17
0
27
35
35
22
18
11
41
48
2
1
167
154
71
2
5
1
37
16
314
74
16
7
40
18
24
42
110
65
39
83
10
2
31
13
8
9
4
373
43
48
90
4
23
39
22
103
14
9
22
21
72
55
10
95
23
15
0
34
51
6
11
143
40
23
5
4
7
7
15
30
3
14
1
4
34
4
28
251
26
93
14
16
3
47
21
0
48
57
18
3
82
79
12
15
69
7
121
49
210
40
31
28
29
220
99
109
10
1
3
2
162
15
95
3
38
20
30
44
10
32
3
34
83
39
17
20
8
49
70
35
66
27
3
44
13
4
20
6
12
18
28
297
7
64
16
8
0
138
76
30
113
9
117
0
36
20
167
16
23
27
26
4
37
29
6
31
9
2
41
51
35
2
15
344
19
17
79
43
36
17
1
6
7
2
45
30
63
23
70
11
3
73
0
105
22
2
120
4
8
3
39
99
59
432
2
7
21
2
5
2
40
3
21
42
64
15
30
27
1
5
147
10
3
9
3
9
64
108
170
55
7
13
3
0
26
55
28
18
21
195
198
9
16
16
0
3
0
66
16
33
9
3
75
21
74
70
0
32
8
19
2
99
57
69
111
60
34
2
12
2
60
24
5
9
49
7
7
16
13
310
66
0
3
1
48
29
113
70
172
3
1
13
106
22
12
7
74
118
18
1
33
38
32
11
37
40
19
12
20
9
303
50
25
3
11
0
54
46
52
62
52
19
30
66
9
9
85
37
23
67
32
52
5
87
10
50
12
25
16
27
6
35
0
5
34
28
253
137
4
1
24
15
22
18
75
67
26
1
30
46
15
2
7
110
56
81
56
43
102
10
25
1
56
12
18
6
5
11
67
426
6
0
1
1
1
100
20
160
23
97
38
11
106
39
37
103
30
22
28
48
22
34
20
27
3
34
227
22
143
5
32
2
1
1
30
49
46
1
113
18
4
6
32
17
55
24
20
47
66
7
8
79
38
24
21
43
103
2
21
33
7
13
20
50
50
351
36
2
5
2
1
100
31
121
11
53
31
176
53
20
34
48
57
26
7
135
0
5
8
4
1
23
10
45
337
26
50
2
2
3
18
1
18
17
7
15
102
44
61
36
110
52
46
7
30
9
115
0
45
6
61
16
24
57
22
1
14
7
4
23
13
53
2
6
4
17
21
138
44
142
48
1
2
149
35
26
94
8
60
121
256
1
16
20
1
21
125
31
5
6
39
18
29
287
12
21
21
34
1
5
74
9
16
19
115
6
32
65
13
15
3
102
9
74
235
60
89
23
0
19
3
58
7
265
36
20
53
8
4
5
2
1
53
67
101
85
3
3
34
5
36
28
114
9
18
29
3
23
25
135
6
40
88
54
12
0
39
46
157
12
207
4
15
9
3
14
127
9
77
6
44
32
13
57
57
13
39
12
3
16
7
16
123
7
12
62
86
10
2
4
6
58
39
20
1
48
28
124
43
86
11
100
3
1
106
31
56
55
8
45
49
16
55
41
100
9
53
4
82
25
25
53
37
26
51
59
24
33
25
299
39
35
116
9
138
34
16
12
15
8
3
88
1
176
75
32
21
46
13
60
15
17
0
8
4
47
0
10
15
5
11
28
396
13
3
2
3
0
43
38
12
8
0
166
43
15
35
0
144
56
2
15
21
11
42
14
16
86
11
35
2
40
15
47
22
5
52
9
4
15
171
131
19
19
68
1
3
4
60
30
8
0
170
8
37
16
211
272
17
39
8
29
27
14
28
7
7
319
60
9
1
55
5
3
28
25
66
29
16
14
35
23
60
31
4
83
10
50
43
7
93
35
15
93
22
71
8
85
56
339
17
8
68
0
6
61
15
59
55
9
6
48
54
18
10
102
24
18
5
40
48
20
3
49
4
30
32
58
184
20
2
54
20
317
32
33
4
3
1
1
2
25
34
5
22
93
25
42
51
11
3
4
152
7
12
58
11
4
23
44
103
22
3
4
23
58
63
25
40
32
3
316
1
56
24
0
32
3
5
83
53
14
31
121
30
157
88
51
34
49
147
4
20
4
49
12
17
44
29
311
14
74
2
1
2
13
3
54
30
147
25
11
20
35
58
1
41
51
29
27
10
1
103
41
66
8
7
2
95
5
23
9
33
2
4
9
80
286
104
0
14
8
20
14
82
4
43
147
54
56
3
77
40
1
18
27
20
89
1
60
43
65
24
8
3
11
9
13
10
92
168
110
26
28
55
39
4
26
19
24
114
6
9
111
44
12
176
37
4
96
101
25
38
13
75
10
21
70
255
24
9
54
6
13
0
4
0
2
0
117
46
96
6
78
55
95
2
34
65
7
51
6
31
7
23
122
21
14
17
31
1
21
16
14
20
19
0
419
4
0
1
2
0
0
1
0
1
165
64
80
73
80
2
48
113
88
65
85
45
19
19
40
362
79
0
4
0
1
0
5
2
55
18
74
106
34
110
1
40
125
33
16
121
6
16
17
38
14
61
35
2
4
30
16
74
14
150
30
119
73
2
4
1
0
1
21
58
19
27
46
2
51
11
70
23
18
58
53
64
5
18
3
6
62
23
59
39
17
5
141
7
24
2
8
24
383
53
4
30
0
4
1
2
27
15
37
235
83
123
42
5
5
15
63
29
4
82
51
109
4
1
22
0
9
43
2
15
3
170
108
134
4
96
41
11
32
39
86
42
7
93
4
15
41
42
60
1
67
179
35
37
59
15
46
19
152
111
5
48
47
2
0
1
6
15
99
12
11
118
15
3
72
64
158
27
15
24
1
93
36
27
3
4
12
98
52
1
8
21
26
4
23
18
8
343
21
0
8
1
35
39
28
19
73
151
47
83
71
1
29
119
17
91
6
18
32
84
10
0
5
23
2
49
160
7
233
1
1
6
188
56
15
36
20
3
23
145
57
78
17
31
114
36
50
47
12
32
39
0
245
64
1
11
40
8
8
26
29
0
2
4
15
4
36
1
25
21
1
72
22
109
39
3
2
84
13
55
26
36
65
58
37
82
48
63
41
3
19
23
2
42
325
30
32
2
1
2
1
0
96
20
63
81
35
199
43
101
15
106
4
68
18
31
33
17
22
25
27
316
62
8
2
42
1
0
5
1
95
75
72
36
20
54
2
32
71
3
19
13
33
44
53
5
14
15
18
43
115
16
37
17
41
13
19
9
4
7
69
301
11
29
10
23
2
60
48
19
19
17
26
42
7
23
45
21
20
120
126
30
1
54
104
39
46
15
35
23
2
7
23
15
2
4
29
325
5
56
25
5
52
67
0
170
130
61
110
12
74
51
68
16
104
1
19
7
7
11
9
16
26
368
56
2
2
4
7
66
46
32
16
135
20
33
45
9
58
6
14
48
65
11
2
11
12
2
12
65
47
43
13
4
109
6
64
41
162
111
118
1
5
90
60
13
164
54
107
4
6
6
25
90
6
12
7
3
90
33
62
17
81
7
11
50
3
10
23
170
35
90
27
80
3
13
80
47
4
19
4
54
71
55
31
13
15
4
40
82
79
39
31
12
12
107
23
15
45
39
58
16
6
2
298
3
44
74
6
2
16
40
17
41
36
22
14
60
46
86
107
55
16
57
89
27
4
3
9
232
22
368
36
23
5
8
17
9
67
208
183
105
285
60
37
34
