7
52
55
20
1
55
4
4
68
1
3
5
37
4
35
44
9
2
7
11
33
165
80
54
37
58
13
24
34
13
12
4
13
4
28
5
5
26
25
19
50
13
32
24
96
9
15
36
1
12
9
57
41
9
32
94
33
26
11
23
69
45
8
33
41
3
49
0
5
17
83
5
42
25
7
121
26
5
49
45
65
13
27
11
15
12
8
13
12
12
49
1
37
53
42
6
20
1
13
451
201
2
138
21
14
254
76
106
7
66
49
63
54
66
38
116
8
139
20
51
26
11
45
13
65
37
38
47
94
67
28
12
22
31
4
13
9
31
3
10
16
154
64
26
9
34
3
83
18
47
0
20
33
3
91
4
29
6
3
2
26
6
95
48
2
27
101
23
15
8
13
51
16
8
42
27
44
41
24
45
29
36
4
33
49
64
6
20
41
33
13
60
9
64
108
86
17
82
34
150
1
23
48
12
38
64
117
63
233
6
63
18
0
245
7
68
115
30
69
23
61
43
58
13
17
18
53
4
26
17
31
27
1
27
10
119
20
17
65
0
90
67
15
47
78
21
10
7
113
23
40
72
102
36
17
75
12
69
16
30
15
5
53
9
27
102
6
31
114
6
2
73
46
40
115
9
120
26
17
58
57
32
46
41
88
16
12
1
22
21
85
6
6
23
63
88
61
4
60
22
56
91
1
0
60
41
43
121
5
44
37
51
23
116
25
26
11
124
110
106
42
50
37
23
94
23
16
86
29
24
20
5
49
19
40
61
18
73
1
3
41
26
10
49
198
45
9
4
0
29
62
22
6
0
28
19
11
0
67
72
173
12
15
8
31
55
11
60
249
54
74
26
65
61
22
34
12
14
27
9
7
49
4
69
12
72
13
41
10
6
121
71
7
27
3
26
55
19
19
10
22
52
9
48
35
155
2
117
43
129
2
75
54
43
50
11
78
60
63
3
6
44
8
56
65
67
28
65
5
18
97
2
31
30
3
23
18
58
29
28
44
29
16
43
44
54
9
9
148
78
69
7
50
20
87
71
97
10
14
7
26
110
116
62
25
10
36
18
23
55
0
5
158
77
28
9
31
10
56
20
38
52
9
5
159
8
41
14
4
85
4
17
63
64
128
70
7
12
30
10
39
87
59
64
16
9
9
14
13
49
52
9
0
19
56
18
85
91
6
98
15
110
11
22
66
47
3
14
70
103
73
40
13
110
129
67
37
2
54
49
6
114
77
9
46
12
6
20
63
95
3
23
3
55
23
81
69
1
64
21
7
44
62
24
80
46
46
28
1
59
45
8
85
5
3
41
43
32
136
36
38
13
22
112
4
35
27
32
49
78
25
21
58
8
35
31
10
15
58
149
5
0
31
63
18
18
52
51
70
176
27
32
21
92
71
107
11
5
55
48
6
84
146
2
37
27
42
52
82
37
54
11
85
18
42
88
0
28
8
2
3
34
38
72
3
10
62
22
31
22
22
89
87
87
12
28
22
3
40
11
50
116
20
73
38
7
3
46
2
71
35
9
23
29
21
144
17
34
11
46
13
12
70
30
77
37
60
20
24
85
19
35
71
52
110
57
8
5
4
11
5
40
27
105
23
42
62
55
68
151
153
31
67
19
22
69
93
67
67
136
56
16
8
1
24
0
40
107
67
44
58
6
51
10
44
6
109
52
11
43
28
23
25
72
42
1
4
1
26
5
92
10
33
4
76
28
19
27
2
32
43
4
29
15
35
22
22
17
13
11
140
118
76
59
35
15
15
160
13
6
23
3
33
9
30
16
0
4
51
31
139
33
73
76
0
79
310
63
24
48
46
16
24
60
7
15
11
31
1
21
157
130
47
23
41
83
44
8
5
30
102
11
14
1
105
7
159
45
96
0
10
26
8
41
6
61
2
28
44
126
61
16
51
34
45
22
3
29
66
58
125
25
26
6
33
35
34
20
23
35
3
54
21
161
18
14
10
102
10
40
37
53
58
17
34
13
53
18
2
34
181
11
15
24
235
31
43
1
22
29
146
20
110
45
1
6
8
6
7
22
11
28
45
24
29
29
56
30
69
2
5
23
45
8
5
6
14
45
158
109
30
37
31
121
5
29
58
5
43
3
33
65
17
11
7
22
46
10
85
96
26
5
76
265
44
2
7
35
18
8
64
95
1
52
16
13
129
41
97
85
28
119
25
117
28
15
42
103
35
69
40
7
27
94
18
142
2
108
21
92
25
1
23
24
16
3
189
34
11
1
87
8
90
10
15
0
19
97
22
69
28
45
74
16
8
30
6
32
27
14
20
19
32
36
3
73
22
1
40
17
21
17
12
7
43
195
12
25
34
29
45
55
6
44
7
31
45
35
18
92
67
53
24
9
66
55
68
14
46
198
71
21
84
58
25
9
111
7
13
45
52
8
61
28
71
61
69
8
24
199
44
13
0
3
119
51
38
81
26
31
31
53
35
16
54
23
48
1
6
23
58
8
0
66
56
131
10
37
9
18
47
42
30
5
59
113
15
22
4
148
13
29
107
2
11
10
79
10
19
19
4
2
99
13
101
62
28
53
76
25
20
14
58
129
11
36
45
4
28
6
17
23
7
22
100
33
44
54
23
57
9
10
147
95
47
20
165
12
127
123
36
20
110
3
17
81
6
39
5
12
1
7
7
6
237
26
38
24
1
32
120
63
33
13
66
33
70
82
7
12
61
22
161
29
0
30
84
61
26
21
8
42
71
2
15
94
78
1
71
25
3
3
7
43
14
56
43
29
19
65
1
117
10
3
43
106
81
7
186
0
37
6
52
10
96
60
8
37
24
11
12
46
8
112
7
2
12
11
57
6
92
52
11
114
43
74
2
97
49
60
95
1
23
100
7
129
14
4
43
35
92
76
20
8
15
14
67
59
2
70
32
112
16
13
10
157
14
40
0
137
94
76
120
8
2
131
5
38
4
1
45
19
81
7
8
0
23
11
39
37
45
103
48
5
7
7
19
14
29
48
43
0
60
4
19
59
75
26
40
2
56
41
8
43
46
77
81
6
175
22
6
10
5
2
123
9
26
59
33
17
67
55
2
9
39
21
16
44
12
4
41
4
2
19
1
154
2
33
63
10
69
107
6
9
105
64
23
169
38
161
281
28
32
153
65
114
11
15
31
7
33
37
14
46
36
39
35
7
117
10
96
13
8
4
25
103
26
88
28
53
2
11
75
11
29
20
29
15
19
49
6
72
199
5
92
45
42
6
20
6
21
25
46
16
44
31
44
30
175
46
30
16
17
57
0
137
91
21
18
4
3
34
59
39
12
39
17
19
83
12
1
20
70
3
10
9
19
52
59
30
70
2
5
28
82
106
27
6
15
42
101
60
192
10
182
18
60
168
15
17
3
100
28
4
2
31
26
14
125
29
9
116
7
92
7
94
75
19
73
5
2
70
14
0
40
41
139
36
2
51
33
51
51
35
131
32
7
32
46
10
6
5
18
8
36
83
10
6
26
125
20
13
29
28
10
13
11
11
5
19
30
36
17
78
54
27
99
28
11
73
91
8
8
257
9
16
262
11
83
139
24
27
34
31
46
55
1
32
39
9
26
1
19
207
20
53
7
42
78
29
65
3
16
75
39
9
28
142
6
12
20
6
48
42
15
133
130
17
9
15
7
2
39
9
60
28
6
14
62
109
4
8
44
1
17
56
33
28
38
39
5
55
5
1
12
2
31
11
309
14
65
48
112
86
114
6
15
63
9
63
204
2
32
5
19
139
23
28
138
22
11
49
135
4
11
12
58
2
159
8
70
113
3
50
6
56
6
9
58
11
50
7
51
8
32
47
29
40
5
70
40
75
13
29
23
10
3
7
43
67
2
77
75
20
26
33
13
159
51
73
12
60
90
81
20
24
68
17
84
23
1
10
169
29
9
41
27
1
58
3
25
11
81
70
104
1
31
126
11
14
70
41
22
11
83
6
56
19
1
21
58
36
306
13
25
46
7
104
41
188
12
26
12
2
33
139
64
8
50
51
9
45
7
6
42
3
10
35
106
17
18
34
12
28
12
40
21
53
5
14
23
2
43
95
8
31
25
19
74
29
19
125
18
25
15
45
46
30
79
33
2
138
110
7
30
82
98
12
70
33
52
50
48
2
13
86
52
4
38
152
80
31
29
13
53
80
27
69
160
85
61
32
8
1
16
17
2
47
12
1
90
0
31
39
61
48
41
77
11
47
26
5
53
123
78
28
11
100
25
10
16
45
14
54
48
39
35
40
24
114
74
24
17
163
9
59
20
119
67
0
14
15
13
43
12
5
9
13
7
10
2
2
27
6
17
33
5
46
39
16
48
76
1
143
1
31
38
54
53
7
21
12
12
44
91
58
73
43
56
1
44
35
90
28
182
12
8
82
32
39
156
39
179
63
69
21
19
99
1
17
11
173
44
6
48
36
28
11
16
36
127
8
5
16
64
94
113
73
14
2
47
54
19
5
10
84
26
36
32
35
39
70
46
6
4
35
103
4
22
4
118
6
3
15
2
73
84
19
34
105
92
13
22
70
63
22
27
138
8
150
33
1
14
30
33
0
8
117
20
42
103
12
6
7
25
6
16
17
341
102
4
39
50
7
2
55
109
4
48
12
45
1
115
127
10
86
70
14
16
31
6
24
12
8
36
44
6
86
43
56
8
19
39
16
81
42
21
218
2
76
50
105
6
35
37
6
15
25
140
41
9
25
111
28
22
32
17
13
14
47
48
63
25
26
3
0
9
155
117
6
97
53
83
21
72
6
2
56
183
55
10
23
15
57
96
27
42
36
6
84
6
2
27
40
91
53
86
18
14
4
111
14
18
17
95
75
8
15
18
18
71
49
8
56
33
4
4
91
13
13
3
20
70
17
24
28
25
52
41
88
3
22
156
3
10
3
300
71
3
31
110
141
36
0
18
97
35
36
5
13
28
41
4
3
39
64
29
5
29
5
80
141
51
21
6
24
129
79
78
76
1
71
18
12
126
34
28
11
26
67
62
38
14
21
53
7
67
69
5
10
120
18
39
24
10
42
28
17
33
71
132
2
56
2
124
23
11
27
64
2
56
29
74
199
39
53
16
156
79
17
11
68
68
112
29
8
40
22
2
10
10
11
10
3
51
20
8
29
35
11
85
128
32
7
48
22
146
95
50
5
15
9
12
52
123
4
86
56
273
4
12
14
28
69
57
33
23
45
27
4
2
24
14
61
126
5
6
22
4
52
9
47
25
70
35
3
48
64
135
98
26
16
7
31
3
55
6
54
16
72
5
21
2
13
50
6
2
0
22
43
6
68
29
91
10
67
56
0
125
0
44
111
98
126
34
23
37
27
83
7
74
113
43
18
42
109
69
25
69
27
9
84
21
8
6
4
3
62
102
173
65
14
47
146
9
12
6
22
5
3
1
1
16
82
5
95
9
69
15
22
10
23
14
0
46
31
146
130
4
106
88
26
10
10
96
14
66
52
49
45
57
9
86
15
10
40
27
58
21
28
22
71
1
94
24
18
1
25
1
4
152
28
52
90
98
12
16
1
93
8
84
29
52
44
5
29
3
2
87
15
37
68
160
43
4
42
14
24
17
100
131
24
20
102
78
92
6
39
68
102
57
59
39
44
8
5
22
12
23
31
4
19
6
174
0
136
2
7
7
7
97
38
13
79
9
40
27
11
58
104
75
14
24
89
26
32
29
89
62
18
3
113
8
32
1
14
18
42
139
178
10
7
10
253
44
39
55
119
20
120
16
23
44
15
0
21
23
43
17
8
59
87
41
12
9
2
20
28
27
48
58
18
28
30
128
39
1
30
43
13
29
5
40
223
98
56
9
2
35
25
19
44
64
66
49
96
26
27
43
9
87
2
19
3
111
16
177
12
37
19
3
41
73
67
92
6
2
2
2
42
87
10
10
59
91
65
42
69
26
236
27
7
51
12
84
70
20
29
23
15
18
35
18
1
34
29
22
12
37
139
25
7
20
112
51
16
10
4
22
244
12
13
50
4
96
99
22
12
3
118
25
7
20
25
29
13
95
3
16
34
45
46
37
132
34
12
108
2
20
15
64
1
1
5
10
9
18
15
1
79
21
97
12
207
8
33
12
15
30
100
92
23
33
75
14
31
25
71
39
79
11
17
3
25
5
11
30
179
105
80
77
17
2
67
19
42
49
4
146
42
14
6
138
6
17
5
117
12
47
128
5
38
17
60
29
52
73
14
47
17
35
22
45
84
12
8
20
7
35
15
77
44
14
145
41
43
7
7
48
191
14
74
14
57
45
23
37
6
24
40
5
6
5
20
8
7
94
101
47
30
3
88
54
36
39
52
35
18
41
2
66
68
17
27
125
158
4
33
5
192
16
3
33
223
13
96
32
10
60
225
76
45
1
0
11
32
16
27
4
128
49
16
11
19
15
34
8
14
40
173
32
56
136
15
1
38
83
21
15
43
45
18
16
19
52
85
9
92
5
52
76
7
13
7
7
6
24
17
75
7
65
9
24
42
11
29
38
79
34
26
29
55
17
82
77
4
17
2
9
40
9
3
2
0
166
91
92
61
6
20
52
76
33
31
2
131
160
95
38
168
180
24
13
45
58
5
65
51
7
17
81
42
75
24
51
67
48
37
37
192
43
48
4
39
67
1
31
1
180
131
4
24
10
55
29
40
14
32
54
26
23
24
12
37
21
5
2
9
7
19
8
86
14
29
29
57
26
1
18
22
29
18
109
65
25
16
68
13
23
9
13
23
28
15
56
92
20
80
17
24
100
14
155
28
47
45
1
24
34
136
10
9
64
42
103
73
7
8
10
103
108
54
64
32
21
84
26
29
15
116
52
154
190
19
57
38
3
39
104
57
23
14
13
3
7
87
10
13
29
74
35
97
31
21
1
96
7
23
33
3
23
97
26
4
60
36
2
17
26
109
8
1
3
46
33
22
5
116
1
138
72
8
64
41
66
47
94
17
32
7
22
38
41
119
21
62
65
1
5
17
65
6
33
32
19
186
25
66
1
16
189
144
54
79
8
46
6
43
11
17
28
159
29
21
89
7
48
63
15
18
55
59
71
44
2
34
30
93
1
9
1
49
45
2
15
42
13
14
24
4
84
73
24
23
43
64
22
2
26
130
39
73
46
14
49
77
19
97
11
38
16
3
50
60
48
1
7
30
13
6
8
3
204
53
21
2
14
54
105
51
41
17
162
69
59
67
7
75
55
6
23
35
35
33
59
35
56
37
9
10
50
113
150
45
19
67
24
0
112
27
21
84
44
37
14
9
16
16
128
3
34
37
91
27
75
0
17
17
8
29
48
20
57
41
128
6
5
85
17
56
126
68
6
14
6
22
5
26
41
34
31
16
25
5
47
15
10
35
18
11
39
8
5
116
58
14
175
5
81
18
57
42
23
130
49
14
177
18
86
14
270
4
6
52
18
20
2
29
28
50
11
30
9
17
56
34
61
43
45
102
9
58
24
3
17
63
72
19
43
60
126
15
42
4
6
0
15
16
13
3
91
112
18
70
226
84
10
8
9
3
11
96
54
52
41
12
1
24
13
62
88
4
54
105
148
54
0
53
45
49
177
14
88
10
72
38
14
23
24
10
22
81
191
40
37
2
24
40
7
11
29
22
12
3
81
21
43
37
10
29
10
11
32
11
44
16
10
49
12
33
7
24
1
21
11
17
3
60
118
6
61
25
141
57
42
73
10
82
7
17
21
104
249
25
24
16
8
26
13
4
57
71
22
42
41
53
6
10
52
44
34
17
31
82
39
9
75
95
23
1
19
26
160
38
32
133
411
4
128
72
10
12
34
74
11
41
33
85
31
3
11
38
26
34
29
133
15
35
1
21
18
2
4
33
22
18
64
21
32
10
85
39
6
39
76
153
36
26
15
33
18
38
91
12
47
2
24
25
32
11
5
1
23
6
23
70
105
41
5
22
8
42
22
33
19
26
13
15
50
22
98
21
83
88
1
16
41
165
57
58
10
7
255
39
25
50
116
100
4
1
9
12
29
98
33
30
0
64
36
45
151
34
14
14
50
22
4
11
129
182
12
3
63
27
0
22
19
50
27
229
39
15
80
1
0
55
122
35
4
83
44
18
2
11
9
22
24
113
11
42
43
70
10
67
17
24
72
3
22
10
21
1
5
4
74
10
116
40
12
7
32
38
67
37
65
21
1
200
14
60
8
55
16
36
124
21
27
65
76
2
21
9
4
4
52
76
53
34
39
68
45
32
104
76
28
54
39
56
241
21
104
40
2
52
29
39
98
103
16
29
7
100
5
71
9
120
9
5
9
1
7
2
83
74
39
11
30
6
53
31
64
2
69
9
8
91
62
27
36
25
80
115
2
75
65
37
61
24
4
20
20
3
8
76
7
25
121
2
286
6
16
34
0
114
59
1
43
10
18
49
22
14
21
5
57
125
11
20
31
12
117
5
1
41
24
31
97
17
1
133
12
24
12
21
23
18
13
3
49
133
52
2
30
96
11
40
15
17
21
38
9
21
34
4
20
48
23
135
189
18
53
99
11
7
127
279
26
13
23
1
64
32
13
39
25
145
61
3
54
6
59
128
39
3
18
35
15
134
23
16
52
44
11
82
26
21
25
9
48
26
51
54
18
70
0
20
18
72
49
17
71
87
3
117
61
47
27
13
15
3
108
8
30
4
14
15
36
9
20
27
55
35
98
37
100
25
5
34
8
36
47
24
72
43
19
12
20
0
5
43
60
72
27
30
17
55
113
90
91
41
56
76
98
117
8
18
2
57
14
34
54
89
19
0
176
8
63
21
63
91
46
2
14
42
80
22
17
32
39
55
158
135
34
0
33
3
18
12
7
3
37
26
68
24
32
3
46
19
29
37
11
28
30
13
129
0
45
101
58
15
14
15
20
72
29
27
7
11
67
5
143
64
73
78
58
27
157
3
57
21
132
53
70
60
32
13
6
95
12
14
33
43
59
32
39
68
28
33
35
68
1
30
5
30
49
91
37
21
9
3
17
194
80
118
15
9
30
18
15
31
17
54
11
103
6
35
12
37
42
15
5
191
38
26
13
16
64
1
10
16
85
136
0
82
75
22
8
37
111
24
176
42
48
2
0
72
48
26
32
3
13
50
110
32
10
1
32
7
4
20
5
88
59
30
68
62
46
40
52
31
3
37
12
18
82
116
70
7
105
82
35
2
31
66
36
73
71
35
55
76
62
31
78
20
2
26
89
18
41
6
78
46
38
17
3
28
211
68
1
3
91
4
15
4
62
0
16
48
35
105
143
71
9
56
34
18
48
43
23
84
8
19
9
119
5
11
1
19
50
61
106
1
29
69
47
15
14
14
10
80
28
35
115
50
115
116
4
98
4
14
13
50
0
21
31
11
104
28
29
82
42
2
22
7
9
22
19
94
9
44
11
101
9
11
10
90
41
45
73
74
5
5
18
25
106
98
109
16
24
53
1
51
1
76
21
2
9
2
18
3
42
72
73
82
4
12
37
128
107
13
100
54
46
0
46
21
12
6
14
160
34
40
64
93
13
30
1
86
289
163
110
10
3
41
4
0
41
1
35
47
4
121
5
10
139
1
16
104
28
28
33
17
75
29
61
95
62
2
1
58
90
59
17
50
3
42
41
25
6
2
7
26
13
30
106
21
38
42
0
23
61
10
3
5
14
21
258
62
7
41
33
27
29
67
51
83
83
100
7
14
77
4
38
33
3
11
31
27
60
31
99
60
0
102
168
61
71
36
75
76
72
19
29
59
73
31
1
12
12
23
55
27
165
70
34
53
169
104
2
2
178
78
8
11
12
35
11
34
15
29
2
83
32
1
25
1
78
14
20
10
49
22
21
68
58
11
180
6
15
57
28
21
100
26
11
6
78
23
29
35
67
3
21
6
7
40
74
15
51
11
64
29
6
65
126
29
67
14
76
22
33
18
78
54
35
43
49
8
15
39
95
26
25
40
3
21
16
13
201
25
82
21
0
230
86
67
10
14
27
6
26
49
99
49
138
3
101
16
15
1
81
10
45
5
0
177
36
11
8
122
30
46
37
7
23
70
15
34
23
66
8
3
18
8
34
20
23
26
106
2
54
32
133
74
53
79
35
10
11
52
16
19
50
30
46
26
90
8
145
26
111
73
2
122
18
8
26
1
82
32
10
15
4
56
20
25
21
80
83
52
148
31
26
80
4
9
41
16
15
20
41
8
92
232
32
44
58
2
2
53
44
3
12
94
2
15
100
0
13
33
5
22
74
5
8
1
45
47
65
50
1
4
16
109
21
169
41
19
173
1
131
3
22
38
54
146
22
30
5
37
15
21
3
28
48
30
21
128
3
40
27
47
12
10
112
77
55
2
90
209
71
26
3
12
83
113
26
55
42
2
14
10
31
99
14
24
49
14
21
46
39
14
89
1
50
83
4
2
79
8
12
28
35
19
14
14
11
0
86
17
36
4
24
182
95
8
168
146
67
40
79
16
39
33
63
46
68
17
40
41
130
12
9
4
21
46
12
22
10
34
11
44
43
33
19
97
77
10
45
8
24
22
48
267
18
21
60
25
16
36
47
76
23
2
123
15
173
17
59
12
17
0
26
24
14
11
37
34
3
50
21
28
9
12
10
36
71
21
46
111
53
82
32
71
31
21
12
8
30
9
57
43
32
78
9
277
148
59
22
48
5
1
76
12
17
114
78
42
100
5
23
66
26
18
1
72
133
12
19
18
63
36
4
42
0
6
53
20
49
11
44
99
4
18
67
167
3
2
14
46
11
19
10
16
93
90
68
63
29
12
34
42
22
8
40
80
17
2
99
22
4
9
36
33
2
29
43
42
8
141
81
13
22
38
27
112
38
6
49
97
216
52
6
65
12
30
102
6
23
40
21
23
95
15
24
32
104
3
5
24
35
48
25
24
31
5
37
35
215
0
10
26
19
63
99
78
38
95
50
72
13
1
7
101
30
1
20
1
129
175
58
24
34
61
26
6
8
16
28
69
19
16
97
83
30
48
95
15
86
44
57
99
52
37
7
34
18
38
34
12
20
1
10
19
29
57
87
36
19
43
1
6
55
71
35
1
17
2
89
5
58
62
19
23
51
71
42
22
138
66
155
41
16
0
108
6
54
9
24
92
224
6
7
4
12
84
6
9
47
93
19
13
32
14
13
51
4
53
75
81
59
37
3
0
56
26
2
12
36
55
23
134
38
15
35
41
58
26
24
22
49
47
151
12
25
20
1
183
69
20
1
22
47
61
51
2
110
41
80
28
40
72
42
46
3
26
54
41
24
1
184
9
45
29
92
36
95
12
17
19
50
17
5
5
30
58
21
26
8
54
6
44
24
25
5
55
71
10
7
88
112
27
21
68
5
8
11
191
8
52
56
4
50
36
43
9
63
23
44
21
60
2
92
33
35
36
32
138
81
84
94
8
40
25
39
17
50
49
34
4
3
94
37
102
37
51
10
6
97
33
182
27
10
7
51
113
37
176
8
21
13
34
32
14
109
45
73
80
52
99
1
14
38
10
24
45
2
9
4
14
38
33
8
66
54
22
75
34
23
119
26
17
22
29
14
8
57
110
8
1
7
10
18
63
32
72
13
15
31
3
4
20
84
28
23
19
10
6
53
66
54
14
7
44
34
35
65
16
82
191
16
16
42
30
35
15
118
41
44
79
16
13
106
44
111
10
3
22
12
8
136
23
57
33
77
77
46
79
153
10
79
4
18
5
64
10
42
90
20
25
9
22
54
59
9
1
78
35
2
13
6
45
76
2
97
114
75
59
104
16
24
72
17
21
36
100
46
33
4
12
25
15
61
22
91
5
27
3
50
19
131
11
3
75
1
135
77
18
19
39
41
0
37
30
21
27
105
99
18
8
6
97
23
37
23
8
8
10
13
95
155
3
78
105
21
43
41
37
12
27
96
23
27
19
43
50
66
114
94
29
10
174
42
38
10
28
113
3
21
149
59
14
9
2
11
43
55
21
36
51
6
58
99
40
24
104
28
15
14
51
52
93
17
196
7
81
117
52
7
15
40
17
14
39
13
24
17
40
20
8
118
69
19
2
7
5
10
13
9
8
53
4
32
83
13
36
9
26
21
7
82
17
182
41
29
59
53
7
25
14
6
79
31
53
13
6
66
217
26
10
40
0
103
21
7
11
3
79
192
25
18
34
24
17
103
12
106
74
77
111
30
110
55
24
37
4
89
8
3
2
66
5
6
89
6
47
133
34
130
15
22
70
43
8
5
42
9
10
44
51
5
50
17
32
33
22
82
5
6
36
6
161
63
55
41
0
37
41
21
2
25
13
105
13
152
6
47
28
30
48
26
60
4
118
142
13
100
64
6
30
8
14
55
81
31
69
3
4
51
39
52
25
22
47
18
93
2
208
14
85
9
6
246
28
48
17
1
12
40
94
20
0
4
41
35
9
63
25
19
8
8
57
37
13
19
99
37
39
1
5
19
0
58
16
22
44
41
41
5
48
9
15
44
6
37
5
27
256
121
12
3
18
100
25
18
31
50
10
14
81
63
40
76
17
43
70
32
17
5
85
51
43
19
8
5
50
22
26
37
5
5
72
3
137
251
149
20
80
7
61
34
53
23
79
45
18
49
134
82
34
77
29
17
0
3
79
24
4
39
14
56
19
122
124
45
32
75
49
24
31
51
36
50
1
18
50
46
18
13
46
42
11
51
35
4
21
12
23
28
1
18
45
9
25
9
35
11
8
48
11
63
32
12
8
2
86
46
39
61
44
30
61
18
48
3
78
35
23
77
15
2
312
1
70
18
35
149
259
85
6
1
13
16
17
50
11
2
37
68
68
17
6
142
40
48
10
35
28
168
0
36
59
2
13
10
191
22
29
16
7
14
27
39
64
14
53
23
143
8
113
8
19
152
27
27
5
50
1
2
50
98
45
145
38
3
102
13
10
50
1
34
1
9
36
46
51
13
38
5
10
121
9
8
16
45
41
5
84
29
5
79
26
45
86
28
2
0
30
53
61
3
20
2
1
2
93
64
15
7
21
12
17
137
84
46
72
138
17
38
56
8
133
44
24
38
40
41
30
17
75
13
50
265
93
32
1
14
155
1
18
14
52
94
7
36
7
31
11
16
147
27
64
2
2
147
33
5
23
110
47
57
7
0
56
38
13
19
13
57
128
26
140
21
1
14
94
6
36
25
32
64
24
11
27
8
31
32
7
46
29
79
251
69
38
79
45
12
8
54
3
97
8
41
15
88
8
6
21
112
24
57
6
2
46
35
6
25
69
28
5
51
47
45
38
54
38
12
35
26
5
17
17
106
1
44
16
46
6
14
69
5
109
34
17
28
131
92
52
30
8
13
66
46
60
33
50
7
7
39
3
9
25
184
70
77
102
7
20
108
26
114
21
2
9
16
11
136
21
67
25
135
18
10
63
36
72
138
35
21
121
35
9
30
31
10
41
92
42
27
29
53
26
98
28
55
62
23
7
55
12
94
4
49
1
38
1
17
79
38
18
29
39
8
16
88
24
152
87
1
32
4
41
16
81
40
12
110
8
12
55
43
56
46
126
2
18
76
9
13
33
42
8
105
7
10
44
34
12
50
2
8
58
45
57
1
71
2
38
51
51
8
29
25
53
52
41
44
97
267
45
65
94
107
19
95
2
22
13
161
22
15
14
17
33
11
2
121
39
62
186
6
59
4
35
24
92
85
89
54
81
65
22
20
36
8
13
139
28
7
34
5
32
5
28
30
10
3
67
27
49
35
3
42
36
13
5
4
10
7
39
15
109
43
38
9
123
67
30
15
18
4
65
59
37
26
12
131
87
11
14
1
12
68
7
29
51
29
27
120
50
118
20
5
127
0
23
13
19
28
14
37
22
81
7
1
43
51
142
22
0
16
155
1
3
101
56
57
1
64
64
57
75
109
66
10
85
16
88
39
22
106
22
37
128
12
7
30
66
42
28
37
154
17
40
5
49
44
98
1
9
43
105
4
36
104
35
90
10
98
2
33
26
57
50
21
42
14
1
15
175
6
52
122
43
15
2
6
1
11
6
1
71
76
23
3
88
8
61
18
4
32
107
28
1
100
17
22
53
22
73
142
41
86
29
113
46
13
25
8
42
94
1
10
5
61
155
147
66
8
1
7
78
11
39
21
86
28
21
3
45
20
67
5
112
27
34
60
91
109
3
0
23
108
24
19
47
14
4
40
36
37
7
143
4
11
67
20
8
15
34
12
8
46
0
191
15
19
19
2
19
49
140
99
16
3
72
7
23
2
11
44
238
13
187
18
50
13
32
12
20
66
18
14
23
48
100
14
13
72
24
62
84
27
1
93
11
3
12
106
12
13
79
11
16
110
5
31
231
34
94
36
39
41
77
1
24
15
63
25
29
14
116
84
1
40
19
2
27
43
93
18
1
46
58
2
5
1
77
26
100
13
22
32
4
44
15
17
101
27
19
16
3
19
13
0
30
6
29
36
10
28
86
179
107
21
48
25
1
132
45
3
25
70
14
16
22
29
2
229
30
27
25
9
7
0
58
36
78
41
78
35
15
8
4
81
12
70
62
119
62
94
28
6
44
6
35
1
85
4
29
49
33
58
15
84
33
70
43
25
26
61
144
8
50
91
1
55
94
30
73
16
86
30
37
7
15
150
87
17
133
56
0
30
14
7
31
13
63
52
24
27
75
49
32
20
8
11
91
28
20
13
51
50
24
13
31
20
38
106
27
29
114
40
3
1
22
15
269
37
122
11
9
121
8
3
64
71
63
42
12
7
16
109
9
53
36
20
63
24
114
20
8
107
42
139
38
0
22
36
2
31
51
4
30
29
91
25
52
2
10
9
23
14
6
66
29
78
13
86
137
33
22
35
100
37
5
45
31
14
37
13
1
28
100
60
41
52
50
36
15
98
21
50
32
12
86
103
70
90
20
34
6
52
26
2
16
78
31
78
48
32
51
50
54
65
5
63
20
128
34
27
136
8
74
54
8
5
39
19
46
8
14
0
59
36
16
78
116
3
24
60
59
264
45
116
1
37
61
65
9
23
70
4
3
7
15
9
32
22
13
49
4
21
64
30
33
11
11
12
36
29
93
93
2
34
149
55
130
12
7
10
72
55
11
3
2
87
54
3
101
50
10
5
74
17
12
151
70
132
28
4
42
7
78
29
18
74
5
139
41
20
6
37
126
4
18
100
66
41
32
55
7
13
26
4
18
54
10
9
214
10
4
28
52
91
48
116
15
28
59
55
64
12
13
16
46
43
42
1
63
18
108
81
22
22
24
1
10
18
20
18
65
84
82
23
86
10
26
65
20
37
45
37
1
15
1
15
37
23
31
11
102
17
65
69
12
5
9
35
103
21
144
45
30
28
15
7
35
71
32
161
24
77
11
2
53
86
44
80
91
139
27
50
25
8
28
110
1
2
7
20
65
135
46
6
115
7
69
8
164
10
24
33
79
83
2
5
66
1
56
26
18
21
18
6
22
1
2
90
11
24
35
19
1
3
37
7
5
11
14
26
66
33
203
34
77
137
30
51
13
5
10
110
23
8
14
25
4
48
33
25
62
66
86
39
2
0
37
18
46
6
55
154
36
42
62
37
56
37
145
11
13
27
2
11
40
24
28
24
117
1
1
139
58
53
141
7
4
71
63
63
0
51
15
7
4
56
50
17
19
189
8
24
10
52
204
35
79
44
144
23
63
8
54
27
1
0
60
1
68
21
2
19
1
14
93
20
57
11
40
34
29
162
11
15
19
31
13
20
6
58
15
160
7
24
165
38
13
1
5
105
7
40
15
68
46
15
5
103
18
38
1
2
28
41
25
37
60
39
4
36
19
35
40
36
11
158
16
77
43
31
28
88
36
36
48
45
10
39
45
72
18
15
35
12
102
197
55
90
21
16
88
68
42
34
14
128
124
15
41
46
12
68
21
25
1
43
96
20
9
1
28
132
32
46
7
7
14
29
7
63
12
5
30
35
102
44
23
20
54
34
35
17
5
70
9
59
14
2
79
100
50
87
44
5
2
8
0
113
66
7
15
10
29
52
146
17
95
39
65
106
41
17
21
18
25
38
43
121
80
101
1
218
98
10
30
10
68
37
16
44
21
31
2
106
28
25
13
27
22
52
51
87
63
14
37
3
14
21
137
55
36
9
158
17
4
3
24
62
1
10
20
6
19
33
30
45
90
60
87
17
14
1
9
10
14
35
1
129
65
25
92
63
173
23
43
32
4
18
130
62
17
1
34
67
41
28
16
92
5
4
16
12
83
5
7
69
40
123
44
53
36
51
14
157
159
112
14
9
65
43
2
40
108
13
2
57
36
5
32
16
10
2
3
6
35
102
67
21
74
13
51
57
39
43
9
13
83
33
19
8
20
180
7
27
41
15
20
4
31
17
35
9
36
62
83
124
8
34
40
186
2
72
73
67
87
8
0
24
22
19
19
191
66
113
13
35
19
9
65
3
26
14
26
53
21
121
13
1
67
81
4
155
52
79
53
35
49
44
4
77
4
8
0
39
108
2
55
89
104
13
21
11
27
144
4
55
79
15
27
38
8
37
5
12
4
52
91
75
14
27
31
12
13
63
5
59
20
58
24
23
38
128
30
25
77
5
56
52
7
1
9
47
41
24
52
54
51
61
19
4
127
57
25
30
69
92
16
39
172
62
3
15
67
71
3
73
3
52
21
66
173
128
131
32
20
28
19
23
2
17
13
100
5
16
20
31
43
51
20
35
3
14
52
66
11
23
47
70
14
3
161
42
32
13
38
31
25
25
8
51
0
30
6
24
101
111
122
59
54
74
3
40
55
21
12
172
11
32
20
34
26
52
27
89
24
23
50
2
92
49
53
28
12
51
8
83
13
4
24
19
106
113
59
49
117
74
2
72
34
38
80
8
14
26
26
23
16
111
73
24
13
37
7
15
25
49
12
49
47
2
8
22
52
61
24
36
42
6
30
9
116
101
14
15
28
42
2
28
14
103
73
91
37
65
16
84
117
49
17
23
33
66
117
49
28
50
55
31
15
25
23
9
2
105
5
147
72
31
103
15
138
121
9
13
9
69
14
18
29
1
7
46
41
13
71
2
80
26
47
23
38
49
1
28
32
93
29
60
51
156
47
56
6
7
25
6
26
13
17
7
30
19
29
33
38
79
49
107
39
39
50
42
107
18
64
27
114
3
8
37
20
19
23
9
32
84
33
26
1
13
38
30
19
17
68
2
103
48
43
97
20
102
14
4
161
107
86
21
7
11
40
8
151
33
25
46
39
30
4
20
84
50
80
44
53
0
2
2
11
10
33
13
19
20
122
3
56
83
0
107
55
38
33
23
62
84
6
171
80
25
32
36
3
68
97
9
10
8
5
65
115
22
10
6
51
61
10
36
7
138
26
35
16
59
117
10
139
61
65
38
156
11
31
80
54
52
14
166
17
24
36
1
47
9
18
44
45
27
8
96
8
70
10
20
20
5
76
131
77
13
131
71
20
18
40
36
137
62
59
16
30
2
10
4
61
1
71
59
9
84
82
0
6
39
14
32
16
0
18
66
30
1
146
12
66
40
76
28
83
35
155
0
32
54
12
106
33
135
22
14
29
27
33
3
46
37
4
18
12
51
20
62
32
13
12
5
68
4
8
4
11
69
38
63
56
56
20
44
3
4
42
10
26
39
4
22
16
22
192
27
7
174
42
69
91
1
39
31
18
45
3
67
21
29
95
87
36
22
145
68
136
100
20
29
89
32
3
56
56
30
29
2
0
0
68
43
57
256
16
2
119
24
34
1
50
2
163
16
33
22
66
49
14
10
27
33
12
12
9
24
77
16
81
34
1
39
7
59
17
29
165
23
5
56
39
24
14
29
7
8
68
19
91
17
10
123
10
33
46
31
67
55
14
1
73
0
8
10
17
125
8
51
217
34
25
11
22
74
28
9
65
66
14
3
78
3
93
30
69
147
41
15
157
64
38
49
26
11
37
71
58
4
14
22
72
177
24
31
19
63
0
30
30
60
22
73
16
87
49
68
50
26
51
2
106
33
2
1
84
40
98
4
51
15
8
42
101
2
26
7
15
44
26
53
36
32
64
29
14
23
94
21
12
126
26
37
111
8
97
5
68
37
31
2
10
5
35
42
39
1
122
47
65
94
3
33
158
25
108
10
170
128
10
54
52
73
50
14
2
2
5
7
9
5
56
24
5
22
1
25
73
5
36
82
29
25
4
69
82
4
26
22
135
30
13
4
58
54
112
7
133
69
37
78
54
28
15
18
2
10
67
19
47
168
19
1
16
25
40
26
30
17
24
85
15
137
2
18
25
28
47
17
21
0
74
37
30
5
11
61
40
2
42
30
9
122
42
18
23
11
45
39
18
262
80
30
53
18
24
7
13
55
96
54
53
38
22
394
137
52
6
18
6
9
63
2
18
9
106
99
0
35
52
74
46
5
25
56
25
22
9
266
16
12
7
5
6
18
75
28
38
3
45
18
30
68
15
25
12
38
27
24
2
35
36
48
66
3
6
79
24
5
32
139
76
57
60
34
18
2
12
1
81
24
54
73
72
139
2
33
31
1
20
3
60
33
42
15
39
150
122
33
20
30
41
38
115
32
180
2
44
2
203
14
144
5
47
122
3
126
47
60
3
27
7
51
36
0
28
17
117
60
21
46
34
30
34
2
12
29
71
42
5
6
37
168
23
19
24
7
16
71
26
28
4
5
82
2
49
1
1
32
4
1
29
38
28
47
120
166
12
40
5
56
278
7
3
21
60
7
19
52
22
83
21
10
69
123
95
31
26
16
45
156
29
3
51
222
8
32
128
2
46
6
8
68
10
24
1
27
47
50
37
122
27
2
21
25
66
35
106
68
10
55
21
1
35
12
31
36
48
45
36
25
23
55
67
6
43
51
14
13
81
20
48
76
66
30
26
120
39
6
24
73
36
146
10
3
59
99
26
14
85
53
37
27
17
7
67
41
13
213
28
17
25
2
48
44
21
61
54
142
45
30
61
21
18
10
41
219
13
20
13
24
19
41
51
34
149
32
83
32
16
10
70
20
55
16
39
22
30
51
39
22
97
115
46
30
31
24
16
62
17
17
3
8
43
12
12
1
77
92
42
19
23
37
49
52
98
44
127
15
24
18
78
31
166
5
21
57
9
22
15
7
36
4
37
7
30
68
11
35
28
33
0
4
8
49
5
5
2
1
116
45
80
56
12
112
65
283
47
58
50
55
13
4
1
49
4
54
17
74
15
29
19
129
2
121
26
28
30
16
15
3
14
111
79
86
2
45
93
5
22
12
87
54
11
28
23
18
29
54
12
35
112
19
16
53
130
9
36
63
32
54
21
8
18
45
5
35
64
41
17
126
5
79
65
9
15
7
11
31
20
53
23
10
30
4
6
29
15
41
226
61
57
219
30
124
57
71
145
1
4
2
13
7
62
80
108
31
108
31
2
11
4
28
2
3
37
1
47
18
40
23
45
24
12
88
5
80
143
95
76
68
64
144
11
36
45
98
50
25
25
11
9
22
74
6
78
13
57
22
26
115
151
16
76
14
61
28
6
179
33
26
8
8
87
40
29
39
5
65
7
34
16
25
26
15
17
38
17
2
37
20
9
7
54
80
12
39
6
2
49
87
129
2
30
31
37
8
13
76
0
222
9
48
8
109
1
7
10
64
4
88
49
61
5
18
32
87
12
112
11
8
124
42
105
58
44
93
143
9
70
15
64
17
5
29
20
42
8
162
72
136
9
14
10
31
17
105
23
16
28
13
129
11
28
3
2
85
8
97
1
12
92
179
27
37
33
3
22
16
2
10
78
13
213
6
51
54
12
33
41
19
0
36
4
42
20
56
98
1
13
8
3
39
21
23
61
56
52
7
71
14
154
96
38
12
26
8
74
61
12
12
9
92
15
14
24
3
65
53
114
53
2
21
3
52
78
157
43
31
40
14
14
103
9
7
16
56
36
18
151
78
57
131
103
48
33
11
16
20
11
113
6
19
155
78
122
12
37
35
64
17
13
28
57
9
37
29
15
0
40
25
3
21
60
54
23
4
19
30
18
9
1
1
37
26
8
4
142
12
37
114
44
14
72
174
62
76
137
2
87
13
36
25
39
116
69
83
2
10
6
28
15
15
7
10
10
32
10
42
33
62
99
3
19
25
8
26
14
4
205
101
112
76
54
9
63
84
123
19
8
59
13
63
100
53
32
70
3
62
24
17
52
10
14
53
6
26
15
86
18
28
13
3
21
138
57
25
2
72
75
8
16
51
29
7
33
16
1
224
45
3
33
17
25
0
17
94
3
71
117
10
57
67
70
61
22
36
111
60
37
17
70
16
8
124
39
1
54
28
25
21
23
2
5
120
65
23
21
33
51
27
33
20
109
21
9
80
43
13
76
24
42
2
20
52
14
21
64
13
46
49
46
47
152
40
60
7
5
63
247
2
36
21
45
0
45
20
67
27
41
50
33
6
137
16
29
103
22
18
40
47
3
48
6
15
25
71
108
21
58
25
13
68
21
73
70
138
30
21
9
22
117
64
53
27
9
30
5
68
0
11
25
61
18
59
7
149
114
48
11
108
11
35
8
12
34
110
9
28
46
9
205
13
25
9
224
63
8
65
16
43
20
34
2
48
18
38
30
19
63
13
36
44
1
15
107
36
6
3
19
14
9
11
7
19
10
15
36
45
24
16
18
0
107
4
50
74
81
33
22
54
83
18
3
12
131
85
21
18
0
60
155
22
13
32
34
31
82
11
20
20
25
19
91
4
109
6
6
53
10
15
5
69
18
37
232
30
146
67
17
31
46
27
26
29
27
11
18
99
21
11
6
15
162
49
116
29
48
42
87
35
40
6
34
13
112
34
3
9
51
27
51
98
156
18
23
19
74
12
11
92
91
30
1
108
37
0
33
133
40
11
60
43
11
17
16
38
25
107
14
17
42
196
5
0
6
46
31
70
3
9
30
45
23
12
33
1
10
65
59
73
20
17
79
12
20
60
19
95
57
4
37
6
12
42
31
3
48
7
8
43
95
91
87
28
4
22
24
6
136
82
58
42
116
85
108
18
3
113
10
19
27
71
4
95
2
68
34
8
5
39
94
46
12
10
68
125
145
35
0
83
17
23
143
14
38
3
7
43
67
107
13
33
49
12
77
6
127
43
9
84
59
16
3
64
45
12
90
16
43
6
1
7
37
17
31
131
47
4
52
66
207
23
20
30
6
25
17
35
38
3
59
32
11
1
51
12
4
21
22
0
25
49
0
278
1
37
89
44
80
96
31
16
32
39
21
31
70
28
46
59
61
51
10
54
19
95
123
15
14
38
35
41
114
6
4
21
7
44
10
28
10
8
149
28
66
1
49
25
18
1
99
28
12
87
39
0
55
10
24
210
18
153
9
106
14
2
30
29
73
45
6
62
81
5
29
13
1
33
26
43
96
10
37
54
82
49
18
5
22
12
11
29
11
47
27
22
54
32
258
63
28
51
176
45
75
7
17
17
33
63
3
37
136
2
14
27
85
171
23
28
32
80
12
17
122
47
4
15
82
27
9
62
32
2
69
4
0
64
14
24
106
19
33
6
5
44
15
33
53
11
27
4
11
6
37
102
47
36
59
12
89
47
66
36
28
38
123
37
153
43
5
28
34
165
1
17
13
67
9
57
154
14
71
0
76
15
6
13
118
17
24
12
198
2
45
50
3
4
34
66
21
24
22
2
73
16
31
26
60
52
3
43
77
43
2
135
53
142
26
17
89
90
21
18
18
5
45
119
52
3
9
69
33
118
2
31
1
27
17
61
28
125
9
82
11
11
28
32
17
15
67
28
18
36
8
38
50
50
14
1
70
13
5
83
76
109
39
12
43
59
114
6
8
16
33
17
34
32
35
104
3
39
3
12
67
80
1
63
145
10
41
81
106
2
78
77
9
140
56
23
41
29
47
16
31
33
23
20
76
16
17
21
32
97
25
14
52
313
16
37
18
2
10
1
3
3
57
53
52
32
64
6
50
2
56
45
69
48
8
10
7
37
10
19
22
87
46
34
56
5
72
152
54
1
83
66
1
16
42
16
10
6
5
68
9
40
70
10
47
104
21
24
12
65
27
6
83
140
52
100
40
73
4
33
49
153
1
136
71
34
22
1
12
246
21
42
14
74
217
16
47
0
39
37
47
6
16
49
37
36
157
36
2
45
76
22
21
27
12
10
21
22
39
9
25
48
99
3
6
11
42
66
1
64
18
14
31
12
44
9
9
70
36
71
16
37
4
67
97
30
28
233
22
4
22
21
22
53
45
48
10
90
17
30
9
6
76
117
22
73
89
54
83
87
9
11
29
24
25
63
62
33
47
64
32
44
192
29
6
91
3
115
4
2
80
39
5
31
159
1
85
2
62
30
4
64
2
21
51
1
17
40
19
16
61
94
158
17
14
25
49
42
40
2
24
4
37
25
11
12
0
47
95
30
22
29
52
14
78
5
14
66
50
2
64
65
14
20
36
58
1
61
22
87
280
48
27
27
41
84
8
6
4
28
1
38
39
15
0
56
232
17
66
7
34
112
57
91
11
75
41
70
11
36
63
14
10
3
7
120
65
42
52
58
58
27
105
11
19
8
1
12
59
108
17
46
13
78
49
21
77
63
13
45
56
36
28
14
67
1
97
21
56
104
136
74
8
17
0
56
3
36
18
5
38
63
19
9
22
36
71
61
2
56
30
14
115
30
27
62
51
2
62
4
17
13
12
17
25
52
16
49
137
32
4
8
24
70
8
84
85
3
23
22
67
51
16
2
81
20
16
13
130
90
11
26
86
35
42
61
14
106
37
11
11
58
25
126
156
55
103
14
16
110
8
24
56
36
191
1
64
7
32
1
122
86
92
12
1
99
29
3
31
6
45
4
34
25
5
77
13
46
73
53
15
0
86
9
58
131
30
13
28
13
101
8
33
4
4
60
30
50
48
74
34
23
26
66
14
58
67
1
38
37
63
0
22
44
79
19
13
51
24
36
23
22
18
45
51
12
1
6
33
80
23
8
133
40
85
10
24
3
17
23
196
132
13
362
33
143
57
28
8
76
27
14
9
58
71
46
19
9
27
30
101
43
55
32
5
3
57
79
33
2
6
76
54
96
66
35
3
3
14
54
22
32
47
78
24
22
11
0
11
66
18
3
113
44
20
44
8
18
17
22
12
58
38
13
7
9
51
39
30
6
4
16
188
46
1
24
217
38
3
50
14
63
55
24
5
301
3
3
53
16
1
60
120
7
11
19
84
26
50
52
5
88
69
49
64
107
27
6
8
98
96
14
49
65
1
14
84
5
44
98
31
54
16
27
37
173
81
38
50
48
51
144
39
35
2
58
74
13
52
23
19
54
13
51
17
67
19
30
23
72
15
40
10
58
54
22
18
30
38
14
37
1
0
27
24
8
36
2
0
9
108
12
0
124
155
26
7
8
20
2
12
172
27
13
41
120
6
20
4
19
34
75
93
17
11
12
13
61
28
26
33
40
6
185
61
154
32
52
59
104
11
13
9
54
12
42
10
178
21
24
106
26
31
78
36
126
13
30
28
117
3
3
56
29
124
76
10
3
24
101
2
19
93
36
18
45
106
15
15
68
154
5
77
18
15
5
6
19
54
17
30
35
27
3
74
15
25
98
110
87
43
2
28
22
4
15
9
33
169
41
9
14
58
19
29
58
33
6
24
3
2
29
61
14
21
73
71
89
36
33
52
25
35
17
38
57
36
1
20
24
116
100
57
9
1
1
107
108
22
225
15
24
50
42
57
63
52
35
68
15
4
4
37
117
47
41
35
92
28
35
32
24
26
66
41
97
15
38
28
17
4
25
24
45
27
130
55
29
31
38
41
15
26
81
33
3
20
43
26
6
8
68
91
17
11
5
85
17
2
58
120
31
67
41
37
17
15
20
15
133
63
95
108
78
27
49
12
73
9
5
67
25
95
63
42
75
50
82
7
2
72
53
6
95
11
16
52
17
0
27
35
35
51
9
22
60
118
2
1
47
34
83
6
49
33
65
16
314
74
16
7
40
18
24
42
110
65
39
83
43
9
32
29
7
26
41
143
43
48
210
4
23
39
22
103
14
9
22
21
72
55
10
95
23
15
0
34
51
6
11
143
40
23
9
7
7
62
5
8
27
46
5
12
56
4
28
11
26
213
14
16
3
47
21
0
48
57
18
3
82
79
12
15
69
7
121
49
210
71
9
139
29
79
21
88
34
82
4
1
177
15
95
3
38
20
30
44
10
32
3
34
83
39
17
20
8
49
70
35
66
27
3
44
17
26
74
8
38
30
28
57
7
64
24
40
2
216
76
30
113
9
117
0
36
20
167
16
23
27
26
4
37
29
6
40
72
39
52
51
35
2
15
104
19
117
99
43
36
17
1
6
7
2
45
30
63
23
70
11
3
73
0
105
22
2
120
4
8
3
39
139
99
232
2
7
38
92
3
57
3
21
7
35
64
15
30
27
1
5
147
10
3
9
3
9
64
108
170
55
7
13
3
0
26
121
54
28
39
75
78
9
16
39
47
13
87
19
16
33
9
3
75
21
74
70
0
32
8
19
2
99
57
69
111
60
34
2
12
2
84
5
21
108
49
7
7
16
13
70
66
0
4
79
89
29
113
70
172
3
1
13
106
22
12
7
74
118
18
1
33
38
32
51
117
30
29
12
20
9
63
50
28
107
24
0
54
46
52
62
52
19
30
66
9
9
85
37
23
67
32
52
5
87
10
50
12
25
16
73
24
56
25
10
39
28
13
147
74
41
24
15
22
18
75
67
26
1
30
46
15
2
7
110
56
81
56
43
102
10
25
1
56
36
16
30
19
9
129
223
19
22
28
13
91
19
20
160
23
97
38
11
106
39
37
103
30
22
28
48
22
64
20
50
4
63
144
22
23
5
34
1
61
90
49
37
9
1
113
18
4
6
32
17
55
24
20
47
66
7
8
79
38
24
21
43
103
2
21
33
20
17
103
70
50
111
36
30
39
18
125
18
31
121
11
53
31
176
53
20
34
48
57
26
7
160
26
6
3
36
4
33
5
23
152
26
50
2
2
3
48
61
48
17
7
15
102
44
61
36
110
52
46
7
30
9
115
0
45
6
61
16
24
57
22
15
56
1
37
33
3
1
91
6
4
17
21
18
44
22
49
19
33
219
35
26
94
38
30
121
256
1
16
20
1
21
197
14
34
31
50
18
29
47
12
21
21
35
75
4
129
1
15
19
115
13
25
38
50
5
3
102
9
74
235
60
184
8
17
23
19
61
7
25
36
20
53
8
11
101
7
66
49
18
101
20
11
24
111
2
26
51
63
9
18
29
3
23
25
135
6
40
88
76
69
29
12
85
37
12
111
115
9
2
1
14
127
9
77
6
46
28
15
57
57
13
39
12
3
16
7
16
123
7
12
62
86
10
2
4
6
58
39
140
1
48
28
4
9
11
23
100
27
24
156
30
1
56
28
27
118
55
19
22
100
9
53
4
82
25
25
53
37
26
51
59
144
33
25
59
39
115
156
9
172
16
20
2
6
47
2
49
1
176
75
32
21
46
13
60
15
27
2
48
34
34
51
0
10
20
11
28
156
16
25
32
35
33
43
38
12
8
0
166
38
5
50
0
144
56
2
15
21
11
42
14
16
86
11
35
2
40
15
136
28
3
22
66
4
15
51
11
19
19
76
53
43
46
38
30
8
0
170
5
3
53
211
272
17
39
8
29
41
48
17
41
56
79
60
9
1
133
47
31
24
1
66
29
16
14
29
6
23
60
35
83
10
50
43
7
93
35
15
93
22
71
8
205
56
99
17
8
88
6
84
77
15
59
55
9
6
2
46
72
10
102
24
18
5
40
48
20
3
49
4
30
32
58
184
20
2
174
20
77
32
33
4
24
31
12
46
39
34
5
22
40
53
25
14
79
14
24
132
7
12
58
11
4
23
44
103
22
3
4
23
58
63
25
160
2
33
76
1
56
24
0
92
13
15
123
53
14
31
181
70
57
88
51
34
49
147
4
20
4
49
29
103
61
29
71
14
87
22
25
42
36
3
54
30
103
44
25
11
5
108
1
41
51
29
27
10
1
103
41
66
8
7
2
95
5
23
19
25
4
109
5
95
46
104
80
54
8
30
4
82
4
43
147
54
56
3
77
40
1
18
27
20
89
1
60
43
65
44
18
16
7
1
32
57
115
38
10
16
28
165
49
4
26
19
24
114
6
9
155
12
64
112
37
4
96
101
25
38
118
15
35
41
100
15
24
9
54
6
19
20
4
74
20
36
83
46
96
6
58
75
95
2
34
65
7
51
6
31
7
23
122
21
14
17
32
21
98
21
11
6
3
11
236
6
13
1
6
3
8
2
2
11
224
64
80
73
80
2
48
113
88
65
85
55
9
19
60
222
79
0
14
16
35
30
7
2
83
18
74
60
46
144
1
40
125
33
16
121
6
16
17
38
14
61
35
6
30
16
70
124
14
30
29
1
94
16
32
16
1
40
22
68
9
27
46
2
51
11
1
29
103
36
53
64
5
18
3
6
62
23
59
39
17
5
161
13
8
40
6
38
203
53
4
104
11
5
7
13
44
15
37
205
113
123
42
5
5
15
63
29
4
82
51
109
5
9
13
20
49
13
72
35
3
38
12
166
26
150
41
11
32
39
86
49
23
70
4
15
41
42
60
1
67
179
72
83
41
55
61
19
23
5
4
44
86
24
19
10
52
96
3
12
11
133
65
18
56
36
122
27
15
24
1
93
36
27
3
4
12
98
61
52
19
40
56
4
23
18
8
103
40
79
66
39
7
21
9
10
73
131
67
83
71
1
29
119
17
91
6
18
32
94
5
115
0
8
22
49
40
7
123
41
7
34
224
56
15
36
20
3
23
145
57
78
17
31
114
36
50
91
48
28
83
0
69
1
11
40
4
4
8
26
51
74
4
41
4
36
1
25
21
1
11
61
22
111
7
51
68
13
23
32
26
36
65
58
37
82
48
63
136
18
7
22
25
42
85
30
44
13
41
37
13
34
72
20
24
35
4
315
43
101
15
106
4
68
18
31
33
47
17
77
18
128
62
8
2
93
16
4
19
16
116
75
72
36
20
14
42
32
71
3
19
13
33
44
53
5
14
15
18
43
115
16
37
37
53
20
11
28
29
45
76
61
11
29
10
23
22
160
48
19
19
17
26
22
27
8
15
66
20
120
126
30
1
54
104
39
46
15
35
85
20
7
31
47
2
4
29
85
5
56
40
162
3
64
0
170
130
61
110
12
74
51
68
16
104
27
18
36
29
30
14
20
42
128
60
38
6
87
25
41
46
32
16
135
20
33
45
9
58
6
14
48
65
11
2
11
12
2
12
65
47
43
13
4
185
4
60
91
33
9
140
39
16
130
60
13
218
66
41
4
6
6
25
90
6
12
7
3
90
33
62
17
99
39
41
22
71
10
23
50
5
27
3
150
17
46
80
47
4
19
4
54
71
55
31
13
15
4
40
82
79
39
31
12
12
107
23
15
45
97
42
20
74
8
58
3
44
74
46
82
16
30
27
41
36
22
14
60
46
86
107
55
16
57
89
27
4
3
9
254
58
190
36
23
113
32
5
9
67
208
183
105
285
60
37
34
