281.148
320.597
321.602
298.635
305.681
279.675
270.257
296.957
282.168
322.83
318.337
280.61
276.843
270.659
306.077
341.401
283.022
295.472
280.525
276.138
289.401
343.582
264.714
277.721
306.955
330.436
312.799
317.973
285.364
268.933
284.644
298.145
294.369
317.627
291.314
309.772
305.669
281.29
294.332
301.373
300.741
293.586
262.174
294.921
275.075
290.812
301.812
297.683
308.303
275.476
294.429
283.519
298.515
275.145
306.708
274.72
316.549
312.166
297.035
293.674
300.298
310.853
331.643
305.721
315.98
310.912
322.804
310.303
283.208
284.081
299.741
316.901
280.892
319.134
297.779
309.799
304.606
294.671
280.306
286.01
320.804
284.867
333.061
318.235
289.264
307.68
328.543
297.905
299.27
307.719
299.444
297.79
299.296
307.689
275.883
288.896
312.841
286.774
287.196
303.669
317.381
282.883
287.466
300.394
313.046
309.113
297.059
297.196
306.023
317.766
302.012
318.79
284.9
302.541
289.065
278.442
312.241
295.364
302.751
292.466
310.017
300.605
316.327
323.491
312.862
295.075
319.93
319.857
327.67
289.074
317.289
294.072
295.286
287.575
297.853
314.304
287.364
285.375
277.699
286.352
284.988
320.952
301.572
310.973
266.311
296.248
288.761
279.161
287.199
287.964
347.414
290.093
319.187
319.385
292.214
276.069
304.111
299.636
330.75
315.264
316.601
299.115
309.416
288.997
310.591
292.916
307.057
321.905
290.384
295.706
288.665
293.091
340.695
312.381
279.774
263.604
291.29
307.572
287.341
305.903
342.018
282.331
303.267
303.77
286.488
321.979
294.964
296.303
309.607
312.857
302.054
298.668
319.704
312.007
295.343
311.562
321.631
275.393
277.99
289.375
266.755
304.947
316.414
317.797
297.231
301.569
296.047
271.73
286.793
321.892
299.975
322.84
317.317
327.849
289.589
282.827
287.034
324.716
340.091
295.232
272.443
327.571
281.937
317.99
301.852
286.352
301.849
282.926
302.308
319.993
333.342
312.028
312.195
289.097
288.821
296.21
289.491
324.135
275.894
317.416
326.18
302.478
316.735
290.726
318.65
296.805
313.884
290.313
306.87
280.717
309.003
287.427
306.492
306.636
301.4
275.318
287.266
319.109
320.236
283.083
289.048
281.759
290.377
312.131
287.326
293.148
281.505
323.94
304.12
314.794
297.1
288.358
336.844
297.781
278.902
288.395
282.417
302.483
295.713
320.392
287.334
278.1
280.789
297.232
288.92
298.629
287.781
285.718
284.916
286.115
307.201
272.987
315.235
301.842
285.532
282.158
263.28
295.367
317.437
321.665
315.469
301.901
337.625
282.765
298.692
303.041
322.97
275.986
310.414
298.579
311.327
309.259
324.114
298.834
262.96
310.721
316.466
289
268.729
287.158
300.122
307.281
310.442
319.062
280.065
283.296
289.135
303.416
304.32
289.259
309.821
291.147
287.958
303.937
275.647
297.386
321.078
293.355
323.493
307.674
294.388
317.348
285.955
295.952
323.863
282.09
271.735
290.711
277.785
316.492
310.319
322.572
307.907
287.877
274.238
313.59
306.058
308.548
300.457
277.327
311.73
291.198
343.697
321.891
301.889
311.446
310.788
316.497
273.164
310.345
319.46
306.841
297.622
306.863
295.561
274.815
314.309
336.35
291.935
312.518
299.31
324.798
318.179
297.44
277.935
278.021
300.671
276.809
299.816
310.935
303.162
310.541
303.355
301.008
288.62
309.157
308.026
309.318
319.883
273.958
304.521
289.065
282.972
266.468
300.151
290.466
306.977
264.76
307.086
321.301
288.413
286.448
290.472
308.279
294.786
326.611
281.289
288.939
276.978
326.951
305.995
339.094
287.265
305.364
283.123
293.276
303.251
310.012
285.809
296.349
279.099
305.734
307.666
281.707
287.868
315.733
282.573
315.922
289.198
298.666
276.999
293.054
273.265
331.023
298.886
293.945
342.046
329.126
313.83
283.301
274.344
298.015
308.408
327.718
300.862
274.76
300.288
291.215
315.113
305.727
297.177
271.289
320.889
312.101
288.776
302.158
299.291
317.957
273.561
303.846
311.043
270.574
286.924
295.915
326.398
285.893
286.792
286.838
279.687
288.755
312.667
305.749
302.64
300.093
327.471
297.857
328.474
284.084
307.353
291.303
292.655
303.868
294.572
314.86
278.448
312.771
294.18
305.469
315.529
284.649
310.776
318.125
309.825
315.02
311.264
320.589
314.339
317.92
292.554
259.787
281.189
292.946
304.023
298.689
293.559
286.063
274.665
278.485
331.427
291.98
338.786
281.376
296.145
332.9
285.884
278.602
304.744
271.806
297.021
303.353
267.625
288.317
296.355
283.825
317.935
289.088
289.155
304.981
305.693
327.088
300.759
302.564
295.819
278.611
281.047
320.255
303.988
290.578
299.187
296.602
279.909
299.088
278.752
273.934
338.98
330.573
285.521
271.34
290.691
260.514
289.818
289.618
308.022
316.959
280.223
316.459
283.725
293.112
283.91
306.503
293.91
291.783
294.162
325.066
304.957
288.622
310.622
341.759
292.848
310.296
301.485
286.514
291.551
289.418
273.36
262.584
286.726
280.415
321.725
342.776
306.827
329.144
314.048
335.866
301.496
323.097
319.645
293.803
311.967
304.877
280.045
305.713
290.881
286.913
310.514
330.602
300.024
277.379
338.981
328.688
310.031
287.856
316.291
295.937
328.36
278.161
288.781
298.347
316.361
311.686
296.244
308.841
297.408
281.466
317.818
291.24
305.571
312.116
269.255
327.577
288.765
300.033
300.867
279.328
293.498
295.911
310.397
307.081
288.725
315.313
292.324
285.999
327.462
299.711
326.332
317.848
306.433
292.777
312.886
301.188
275.508
284.027
308.795
317.72
303.314
292.924
294.546
271.88
297.314
316.823
306.971
291.948
295.174
292.46
300.122
290.418
304.99
303.295
316.306
300.07
288.604
290.295
275.901
285.148
330.053
338.359
349.758
302.827
283.44
307.787
293.372
290.214
283.164
289.211
321.831
292.126
305.238
292.509
303.579
292.965
294.702
281.578
276.715
285.33
292.835
289.955
281.19
273.255
316.47
327.897
287.936
282.055
331.873
331.164
314.089
264.755
313.061
291.443
290.484
321.066
270.172
285.342
317.233
322.549
287.976
296.882
270.998
287.684
297.458
284.64
286.092
298.114
283.463
286.17
301.711
315.652
311.335
300.147
309.771
289.362
296.617
292.05
302.198
302.935
305.225
324.086
318.695
306.124
313.009
292.677
310.704
307.729
313.595
302.068
286.614
295.576
285.769
261.337
286.986
301.01
291.129
326.676
295.93
275.436
290.061
306.211
310.417
297.317
289.442
285.998
303.22
285.251
308.419
333.119
324.35
291.811
310.606
285.773
280.343
266.344
312.814
289.834
295.514
303.261
307.771
295.15
307.322
303.552
285.218
291.651
298.419
298.073
284.755
339.644
273.516
303.923
284.308
295.992
310.492
300.741
281.393
295.941
321.325
284.598
295.944
322.384
311.917
295.534
268.369
280.795
315.505
320.92
306.769
283.566
314.192
271.653
285.658
280.246
317.882
299.489
323.109
316.572
304.822
290.859
310.257
328.368
288.63
275.312
290.259
272.727
281.941
270.966
286.441
326.131
301.127
299.719
303.385
266.807
304.215
318.089
270.544
313.867
287.609
311.155
281.361
301.304
276.885
329.046
282.572
315.874
282.073
329.293
335.834
279.812
306.008
293.21
338.926
327.958
285.717
328.285
326.178
310.404
273.913
298.298
306.002
262.08
306.7
306.079
332.897
316.675
287.143
286.358
269.38
290.33
309.667
307.625
303.684
308.982
324.059
296.018
303.098
284.017
312.953
319.595
298.261
316.891
314.396
310.225
292.52
286.446
279.755
280.793
287.272
327.844
321.67
334.091
308.322
304.049
301.114
314.807
290.655
292.359
329.54
314.583
306.876
297.689
308.6
282.399
320.682
347.814
309.457
272.758
303.736
319.267
305.601
282.584
329.105
307.188
263.097
303.127
306.073
299.403
300.615
282.796
286.316
311.426
267.558
305.399
323.383
314.662
310.051
325.791
307.053
290.923
288.841
299.034
302.331
314.879
299.815
316.947
303.717
307.873
282.402
303.238
293.622
312.111
296.361
298.778
294.747
325.771
325.376
278.71
287.059
297.007
305.202
283.024
301.253
306.237
340.591
291.257
315.41
320.772
298.693
302.286
272.457
297.689
266.694
298.196
274.476
306.321
293.037
302.799
303.123
313.942
300.581
320.14
280.501
300.155
334.537
308.051
283.818
296.224
312.81
315.428
313.164
302.387
294.824
324.687
298.31
301.378
305.507
308.62
341.829
270.857
295.601
308.28
305.676
303.185
282.58
325.643
300.299
299.764
292.176
290.626
315.577
291.421
286.915
283.756
308.512
314.143
