310.139
352.84
347.119
334.853
332.423
314.991
301.444
326.441
327.965
357.197
354.771
328.494
320.208
306.626
336.939
380.712
313.131
323.338
313.328
313.141
328.381
391.749
314.294
305.83
347.801
375.031
351.048
350.922
307.011
297.455
312.384
321.21
326.619
358.615
308.523
353.735
341.294
317.66
330.955
323.4
328.215
318.986
291.212
340.392
306.949
316.43
347.55
338.599
329.569
301.698
319.05
309.697
342.907
295.722
336.147
308.547
351.146
331.619
332.121
329.373
317.713
347.469
369.446
323.103
362.818
366.887
360.785
339.561
313.188
313.177
333.905
352.474
305.616
359.359
335.36
349.538
350.433
323.383
312.692
320.684
344.536
321.639
363.966
357.386
319.312
355.051
367.932
325.054
346.915
340.262
331.724
316.949
323.601
345.405
305.619
318.254
360.18
317.153
332.284
336.305
342.792
309.483
310.202
323.181
354.487
350.167
332.939
326.1
336.376
349.899
316.467
348.586
325.636
345.23
340.722
306.65
361.279
329.989
347.998
314.481
348.514
317.81
369.707
357.956
338.934
339.8
365.568
348.994
350.737
324.175
355.117
324.389
340.133
318.464
324.425
338.446
340.547
310.543
295.271
331.751
328.25
362.777
334.779
354.463
293.897
331.39
329.152
298.175
320.026
327.754
394.78
328.038
357.352
363.772
336.456
306.443
326.64
337.036
352.354
342.062
335.389
333.734
338.706
332.262
347.065
333.156
348.368
357.703
326.122
338.569
319.452
327.95
369.974
338.824
314.464
283.975
324.178
343.803
305.894
348.324
383.405
312.008
335.951
342.948
313.673
364.573
321.29
327.461
336.611
357.785
333.345
340.355
353.491
356.333
330.834
346.924
351.53
293.264
311.294
315.712
300.943
341.46
347.041
362.794
330.667
330.949
326.346
306.272
316.383
351.792
328.36
344.405
353.313
374.601
333.219
309.081
308.691
357.065
399.842
328.928
297.906
376.521
332.586
352.729
340.467
317.715
324.753
306.331
342.091
359.096
373.83
341.788
341.115
332.621
330.477
328.661
328.326
362.378
305.629
359.56
352.031
344.975
347.724
334.952
356.155
334.828
361.344
322.425
339.828
327.522
341.767
318.12
344.627
339.118
334.63
302.871
316.47
338.703
345.434
308.713
333.274
314.318
317.329
346.527
310.107
322.949
320.228
358.662
328.134
349.419
328.743
323.426
380.354
319.994
312.808
323.678
332.374
339.025
330.096
362.437
316.3
307.753
310.921
317.546
309.303
330.422
309.071
309.784
314.647
318.835
347.5
293.218
350.258
334.821
305.558
318.967
288.606
332.25
343.516
353.794
357.957
328.618
379.034
317.35
327.385
323
354.844
317.447
354.863
339.256
350.403
343.754
362.798
328.086
295.828
346.431
366.478
318.402
300.917
339.246
336.202
343.185
334.244
346.78
310.242
332.311
312.883
339.837
337.462
331.312
345.068
319.064
321.997
343.593
302.638
338.544
349.028
328.193
350.566
356.014
333.326
368.603
315.537
325.024
365.105
301.231
302.246
328.237
300.924
343.319
351.383
357.04
345.716
319.059
315.33
342.326
336.422
338.936
343.042
300.253
373.937
331.268
372.59
361.2
336.255
350.419
344.037
351.947
316.399
353.768
352.255
343.191
325.309
352.899
333.055
298.403
333.509
376.983
324.859
335.688
329.92
369.957
353.12
321.498
302.298
304.949
330.284
308.826
338.082
342.323
346.207
343.195
336.978
332.75
330.624
345.971
348.056
338.901
360.879
296.597
349.853
308.546
318.225
301.859
337.393
327.922
335.094
287.997
339.605
363.107
317.587
308.726
316.101
336.447
326.545
356.561
313.434
330.943
301.74
357.333
334.911
381.309
326.579
344.148
323.312
319.693
335.457
345.41
305.098
324.141
303.482
334.153
332.918
326.694
333.927
366.092
319.622
345.871
319.662
331.339
301.635
339.735
308.231
370.032
339.478
343.345
378.94
356.358
343.774
314.855
301.53
328.266
343.15
385.457
336.266
299.571
331.48
327.059
353.839
339.415
325.24
298.844
353.849
345.621
324.748
336.039
314.854
362.105
314.157
344.098
346.15
297.69
316.576
320.236
375.591
315.512
315.797
332.612
319.053
311.244
351.915
332.483
343.068
344.115
357.521
332.479
347.439
329.515
335.978
329.596
329.103
339.586
350.586
368.469
311.324
337.305
319.277
344.413
358.659
313.887
343.562
367.384
335.488
341.057
344.125
360.001
348.338
364.924
320.135
301.098
323.796
305.228
340.769
323.859
330.818
307.977
322.696
300.905
382.405
335.191
373.82
321.931
326.728
373.688
314.571
299.116
338.238
315.901
352.681
329.6
307.578
307.592
329.121
310.583
347.327
314.013
337.365
336.256
348.674
355.082
327.73
332.825
336.633
304.416
312.369
351.563
336.078
318.601
330.044
336.889
315.153
345.803
319.29
302.18
370.555
360.407
321.432
298.696
328.513
277.838
336.019
316.017
342.097
354.848
312.984
357.323
302.322
333.625
327.266
335.827
322.733
324.163
331.58
357.769
340.037
311.631
351.574
379.869
317.074
364.646
333.976
321.137
330.205
307.604
304.25
301.322
310.265
327.885
356.27
389.538
352.763
356.102
337.806
371.5
342.54
358.726
364.726
322.832
341.358
337.786
311.784
319.27
312.962
324.401
346.33
368.192
327.665
313.516
380.16
357.138
342.455
316.14
349.168
329.456
360.03
307.382
321.891
346.789
352.836
351.657
328.26
345.239
336.896
308.433
360.82
316.209
334.555
341.9
309.939
358.527
314.772
333.081
342.762
301.131
322.866
340.125
335.05
339.06
312.208
355.915
333.336
320.357
374.287
333.798
357.698
341.536
336.153
310.835
364.423
339.633
300.767
329.785
352.751
345.426
341.34
321.357
329.684
305.548
331.986
366.143
343.411
320.48
317.87
330.731
327.007
329.149
345.304
326.544
350.307
330.656
320.883
314.276
289.023
307.56
348.855
387.624
380.503
323.575
313.133
357.275
331.956
323.577
301.394
335.019
348.456
348.266
334.939
323.041
334.833
309.962
320.828
332.584
309.282
335.877
328.452
306.346
304.771
313.235
345.996
371.43
324.979
322.621
360.229
346.044
351.445
290.583
353.295
316.999
317.495
359.778
293.821
312.309
349.709
361.989
315.562
328.419
318.054
326.09
335.942
317.31
317.704
337.996
310.038
309.825
331.608
363.602
350.63
333.611
342.749
323.053
334.499
319.737
334.465
335.058
330.337
342.015
352.851
332.131
354.771
331.081
336.674
344.104
344.274
329.381
326.583
311.441
313.58
292.374
319.022
332.971
330.083
364.909
332.535
316.373
325.786
331.963
347.463
323.332
326.021
315.399
349.58
318.074
344.396
366.422
366.2
315.238
335.583
322.002
317.462
309.287
349.395
320.116
323.174
324.472
334.943
335.757
363.125
346.638
306.085
321.176
341.021
328.75
316.506
382.858
307.426
345.626
313.163
344.959
357.753
341.116
314.693
345.306
356.944
322.308
322.428
363.087
339.311
330.957
299.655
315.954
360.13
364.624
353.505
319.462
335.623
303.077
314.888
310.499
353.273
327.852
351.83
350.624
342.003
322.324
347.376
366.767
316.799
301.888
326.656
291.711
306.253
294.275
312.668
358.832
337.283
351.027
330.056
307.322
334.091
360.201
299.073
359.961
331.894
341.889
313.324
338.833
308.767
365.415
319.588
350.168
324.46
366.86
378.966
310.062
333.211
322.603
386.533
380.231
312.899
370.618
340.287
332.684
312.096
344.131
337.857
297.457
327.987
336.515
371.146
353.766
317.041
329.78
295.833
328.877
355.43
336.479
345.183
354.825
349.911
336.665
323.99
316.757
355.466
355.663
313.916
344.644
361.189
342.065
322.428
324.583
315.476
305.367
329.444
361.481
357.854
365.392
318.465
337.076
341.954
348.069
327.855
323.13
362.782
354.855
348.311
336.248
330.083
324.583
351.46
397.467
354.674
310.322
330.17
367.414
337.678
329.913
353.811
345.299
296.686
328
343.947
347.192
330.044
314.096
319.378
353.497
306.911
328.162
352.825
355.182
331.95
377.121
332.303
312.942
317.26
339.384
349.275
362.268
344.434
348.48
332.417
346.807
312.192
324.487
314.361
347.197
336.952
345.021
333.994
355.846
365.232
306.026
311.56
343.909
342.019
311.367
325.349
331.589
382.691
329.944
364.72
350.126
337.288
338.047
307.54
331.248
307.119
327.905
298.179
337.51
305.791
336.335
336.259
349.789
334.924
356.28
315.048
343.291
361.16
337.958
315.861
326.287
335.299
345.109
351.597
331.451
328.457
388.042
326.8
330.743
354.768
337.785
379.576
300.486
336.604
339.872
340.277
341.908
298.191
366.399
332.097
343.297
327.517
334.766
356.096
323.637
323.196
316.257
343.384
347.617
