373.569
437.846
431.829
399.176
393.549
388.41
356.441
365.885
382.757
412.66
417.625
390.107
376.514
344.363
371.89
436.773
363.277
371.188
392.566
350.558
373.831
454.36
352.341
360.155
397.173
420.56
384.62
412.204
370.443
354.145
363.688
383.676
374.286
431.278
359.026
413.488
386.866
370.94
389.459
404.31
394.617
365.586
358.806
409.135
354.158
353.423
393.977
402.027
377.28
332.512
398.497
378.684
387.692
340.383
380.52
349.456
410.807
380.629
379.105
398.175
391.271
417.883
409.468
366.009
418.008
411.556
400.45
403.614
353.162
367.904
392.617
415.432
355.458
413.816
380.096
427.079
407.557
357.07
366.947
380.722
410.317
381.923
408.705
386.677
374.426
414.768
442.678
376.311
414.336
391.504
409.963
360.938
390.763
390.019
338.404
370.97
401.184
372.855
400.217
388.939
405.366
380.371
356.52
399.322
411.411
401.271
384.064
400.409
378.655
429.454
396.687
405.351
353.543
369.487
398.778
346.167
408.454
389.591
380.212
386.122
393.492
417.592
421.798
443.503
396.434
393.756
445.862
398.852
418.906
372.977
399.118
391.778
408.362
390.734
392.548
390.927
387.05
352.914
344.914
379.108
391.057
418.421
387.642
422.429
328.472
390.869
404.525
373.718
370.518
395.865
447.2
394.522
426.558
418.87
393.658
375.689
388.205
394.757
431.75
405.723
395.438
404.374
411.333
386.599
397.406
417.229
415.509
398.868
383.186
403.038
376.939
390.34
413.816
381.984
354.453
316.835
381.867
404.782
362.833
412.339
418.682
364.038
379.789
412.626
368.675
403.895
376.245
391.639
407.978
401.173
373.422
400.766
383.226
434.242
380.047
386.779
415.692
351.886
364.6
389.389
329.847
411.162
393.958
414.369
379.97
392.122
403.062
343.783
371.126
405.729
386.917
401.469
423.262
457.643
399.492
356.501
339.983
426.585
463.873
367.426
338.638
431.089
390.713
411.809
401.218
369.143
382.636
380.12
395.755
439.489
436.895
404.82
402.793
370.039
387.364
377.01
393.468
425.664
377.752
455.001
421.762
406.72
421.914
385.37
407.496
387.813
408.02
362.574
392.495
360.928
394.9
372.5
395.991
399.709
388.884
381.448
371.506
404.848
401.71
385.918
368.746
376.748
381.717
400.121
362.725
391.738
364.161
413.451
405.198
408.842
386.075
338.593
446.107
364.648
359.749
381.211
383.965
400.15
375.428
411.172
341.685
364.956
359.026
392.899
416.799
388.874
368.339
361.661
366.91
369.578
428.061
345.066
395.074
410.53
378.139
371.462
329.007
377.003
418.625
421.995
403.084
391.411
439.852
395.848
386.247
399.887
423.386
378.867
382.371
405.577
394.452
376.199
425.928
354.883
331.705
411.585
420.708
361.82
342.167
364.679
382.656
405.517
387.333
408.085
357.353
409.654
347.061
410.64
379.179
375.907
394.927
370.471
365.382
404.445
361.384
382.506
388.711
381.692
402.614
429.831
386.476
464.573
407.553
373.218
419.707
374.415
370.702
365.823
352.667
406.886
403.169
413.676
411.071
365.302
365.021
398.559
385.376
385.948
383.64
346.639
434.876
380.284
452.906
423.01
399.249
412.887
412.425
428.358
386.346
383.638
391.921
413.831
392.165
428.326
371.951
344.934
407.867
445.814
373.549
392.633
383.655
419.734
429.145
364.871
374.005
343.137
411.275
379.49
390.677
379.798
400.693
381.01
382.822
372.348
378.967
398.456
401.751
403.956
414.058
343.198
388.981
377.271
395.066
351.18
376.535
380.427
370.799
339.313
388.963
416.616
367.205
348.945
397.885
394.952
394.923
422.165
354.773
376.643
364.241
420.891
374.456
453.069
378.169
399.847
371.301
388.303
393.264
421.158
346.55
368.228
366.619
384.801
407.568
403.343
399.261
424.057
379.129
410.538
374.001
398.76
367.596
381.554
348.789
462.515
421.745
406.659
449.047
430.453
411.428
371.798
372.833
401.22
402.575
435.29
373.395
363.086
383.723
404.203
402.592
385.063
398.185
339.227
412.608
381.567
365.562
382.294
371.131
403.939
375.368
366.925
388.878
341.513
366.624
351.01
420.486
366.778
392.858
376.526
368.744
353.958
390.809
391.066
417.09
398.41
430.958
367.102
407.379
353.064
381.299
377.466
381.613
383.262
403.771
408.424
376.715
415.87
405.931
410.891
408.45
345.878
401.41
442.208
396.435
386.91
406.885
418.734
400.798
427.224
368.993
324.348
363.939
380.107
395.216
381.145
380.584
340.735
360.568
357.48
457.728
378.356
425.815
357.184
396.847
457.087
357.883
344.395
420.033
381.99
390.612
379.137
381.502
361.125
384.204
362.255
427.844
386.525
375.143
400.734
404.525
392.765
374.844
418.778
401.812
339.773
365.514
404.424
386.612
407.988
402.994
377.096
361.693
424.143
367.371
342.532
456.82
401.753
403.09
337.221
374.415
323.152
367.699
410.448
387.53
403.926
367.681
436.987
357.021
391.236
376.519
408.857
355.209
372.008
373.69
423.225
411.175
364.616
421.484
437.472
360.229
433.126
435.195
389.677
394.433
366.505
371.124
353.575
371.815
389.812
425.8
437.663
399.833
441.76
367.417
414.265
417.472
418.375
422.096
356.049
405.917
395.933
361.95
375.899
377.395
382.43
392.329
459.658
378.394
379.106
441.844
411.368
399.682
382.329
404.051
389.193
426.89
348.754
377.789
388.921
393.073
424.146
373.201
396.044
394.995
374.403
416.255
386.167
414.278
411.391
360.503
423.729
359.997
394.444
402.449
376.161
366.732
375.047
389.68
439.808
358.766
405.236
372.876
366.184
434.851
383.206
421.862
404.173
395.532
367.3
449.328
408.724
356.613
363.417
404.722
394.401
391.699
358.062
377.66
367.416
389.172
439.192
398.544
372.591
367.179
395.036
367.519
390.545
408.855
393.245
412.355
371.202
392.239
342.352
338.65
364.963
397.574
445.128
460.433
392.676
336.386
371.224
365.014
350.948
367.468
382.731
408.865
406.311
379.706
375.141
415.053
382.181
387.858
380.159
353.111
392.303
361.064
342.233
362.185
349.361
414.996
421.412
378.054
357.67
424.368
411.696
390.929
332.912
402.326
372.183
388.174
418.01
322.617
372.518
409.502
418.644
390.239
409.134
364.748
386.016
385.229
390.651
372.059
412.921
384.281
385.917
375.712
428.281
402.448
379.627
411.152
371.491
390.368
387.946
377.797
363.986
395.803
420.809
413.408
401.022
396.422
380.59
405.536
395.371
385.634
415.485
381.788
396.161
354.657
332.938
361.38
402.319
388.766
430.207
375.788
358.535
382.639
405.434
381.556
388.089
380.642
371.396
410.05
392.924
397.251
453.562
426.73
372.089
389.39
367.57
341.337
366.449
410.498
383.7
375.7
350.969
386.865
389.412
423.098
431.443
352.908
364.206
394.476
385.113
367.272
411.069
349.654
405.043
382.817
429.291
414.166
414.98
371.42
397.077
401.953
378.914
381.679
402.92
390.145
360.094
346.789
337.38
407.945
426.736
418.088
369.513
403.5
329.291
377.351
379.352
424.572
374.016
398.102
416.051
382.812
399.364
400.894
408.066
366.174
334.866
376.854
341.104
356.153
354.165
365.365
418.592
372.94
403.66
401.422
370.873
383.022
443.013
371.142
430.174
382.434
392.476
383.04
401.429
362.269
426.564
353.11
391.211
404.351
440.364
425.678
366.024
386.771
352.928
442.09
445.155
356.9
423.701
410.037
411.556
366.257
383.024
375.549
346.831
395.562
398.898
401.105
412.826
357.243
370.055
344.114
379.748
418.583
402.035
396.655
438.713
424.725
391.549
369.332
358.6
411.726
413.997
357.283
406.676
392.059
396.251
370.812
381.899
352.385
382.593
377.004
414.163
423.545
433.08
350.048
371.321
385.914
410.518
378.804
375.061
423.536
429.613
398.842
390.86
392.37
368.278
412.506
458.518
420.47
372.261
397.88
422.948
394.353
379.538
417.165
393.163
332.017
375.043
382.645
401.68
377.448
383.606
378.025
422.742
354.768
362.933
409.578
424.478
392.003
419.005
395.859
358.832
411.628
400.041
432.893
397.74
398.278
413.188
363.003
388.747
374.707
389.633
378.568
420.56
388.601
413.058
400.531
417.405
415.738
366.568
378.595
405.285
393.208
357.975
382.196
379.005
447.099
406.292
409.799
436.019
402.567
413.935
369.353
384.281
364.123
394.9
340.736
414.435
357.097
389.9
401.248
391.75
379.74
427.423
349.355
373.753
427.404
381.1
382.592
388.147
389.521
398.44
399.365
386.136
374.653
432.079
364.449
417.371
404.936
393.328
429.714
351.674
375.639
390.596
408.438
405.139
366.317
446.51
400.178
400.225
384.676
386.002
439.088
397.014
359.325
388.213
423.931
403.977
